0.0	0.002863172566207882
0.2	-0.001622335686779065
0.4	-0.0010209359888941733
0.6000000000000001	0.002772751206759125
0.8	-0.002121527539215505
1.0	-0.0003561844246262917
1.2000000000000002	0.002503353869224566
1.4000000000000001	-0.00246304145591635
1.6	0.00030096467926651784
1.8	0.0020734660239685064
2.0	-0.002607496098676582
2.2	0.0008690197908437183
2.4000000000000004	0.0015982876774921035
2.6	-0.0025845816109379693
2.8000000000000003	0.0012136895446093112
3.0	0.0011965963314160128
3.2	-0.002423198288192181
3.4000000000000004	0.001425021138131948
3.6	0.0008425563630204419
3.8000000000000003	-0.002358491781832305
4.0	0.0017494813759638683
4.2	0.0005181212856057815
4.4	-0.002431570217211545
4.6000000000000005	0.0021758827808157173
4.800000000000001	0.00011492512773311987
5.0	-0.0024079783595058186
5.2	0.002633350848538414
5.4	-0.0005074251978445143
5.6000000000000005	-0.0021996471144567556
5.800000000000001	0.003101563158087786
6.0	-0.0012847231613824768
6.2	-0.0017691031666526732
6.4	0.0034076598460519684
6.6000000000000005	-0.00212461300705712
6.800000000000001	-0.0010797067164562376
7.0	0.003479899049862692
7.2	-0.0029432212202029967
7.4	-0.00017863901536420665
7.6000000000000005	0.0032687553925244174
7.800000000000001	-0.0036480382272272003
8.0	0.0008927265656333878
8.200000000000001	0.0027312463023743782
8.4	-0.0041377841875591195
8.6	0.002049003291832371
8.8	0.0018577063240622612
9.0	-0.004304701543374041
9.200000000000001	0.003168631189059883
9.4	0.0006843180058920615
9.600000000000001	-0.004063347122983736
9.8	0.004103362014872773
10.0	-0.000692558704043409
10.200000000000001	-0.003378565312974544
10.4	0.004709424972753472
10.600000000000001	-0.002131413275907257
10.8	-0.002276605559710021
11.0	0.004873644054102055
11.200000000000001	-0.003468278684687213
11.4	-0.0008387312569701428
11.600000000000001	0.004524760743168495
11.8	-0.004532894985800137
12.0	0.0008040452620027519
12.200000000000001	0.003642514003149953
12.4	-0.005163002220488837
12.600000000000001	0.002474068195912923
12.8	0.0022748719235408743
13.0	-0.005228803259819038
13.200000000000001	0.0039589197147345215
13.4	0.0005474150122781006
13.600000000000001	-0.004663399404239238
13.8	0.005045517545663913
14.0	-0.001343291745091111
14.200000000000001	-0.003492863808837564
14.4	0.005565472156506144
14.600000000000001	-0.0031651710487323997
14.8	-0.0018301130968577325
15.0	0.00542692520181378
15.200000000000001	-0.004700363191682674
15.4	0.00015893918386375165
15.600000000000001	0.004609272158472946
15.8	-0.005762854804984658
16.0	0.0022844808853520276
16.2	0.003141707476659092
16.400000000000002	-0.006192790175193967
16.6	0.004331143930146143
16.8	0.0011057179949692255
17.0	-0.0058549152665507784
17.2	0.006051183777124031
17.400000000000002	-0.0013477807002199723
17.6	-0.004663643047970069
17.8	0.007175190845725425
18.0	-0.003981648244139829
18.2	-0.0026157961216399126
18.400000000000002	0.007441529660255841
18.6	-0.006478217298902857
18.8	0.0001805153095849595
19.0	0.006639460666711673
19.200000000000003	-0.008458867112987344
19.400000000000002	0.0034855250921548755
19.6	0.004653247107611855
19.8	-0.009518210634921701
20.0	0.0069221530539160395
20.200000000000003	0.0015084319184447983
20.400000000000002	-0.009274642199406925
20.6	0.009983501849549574
20.8	-0.002575941855203329
21.0	-0.00744614977429929
21.200000000000003	0.012069954014943908
21.400000000000002	-0.007148953951314395
21.6	-0.003946489208597344
21.8	0.012574877632684976
22.0	-0.011529757634739674
22.200000000000003	0.0010208431894748707
22.400000000000002	0.011010582423765418
22.6	-0.014869181885408499
22.8	0.006896689126725305
23.0	0.007169766652776117
23.200000000000003	-0.01628899995084961
23.400000000000002	0.012773430957594312
23.6	0.0012701154657918648
23.8	-0.015086423754903737
24.0	0.017504205627237417
24.200000000000003	-0.005960131397260985
24.400000000000002	-0.010971782577919519
24.6	0.01993734806091413
24.8	-0.013341706372967957
25.0	-0.004252374737923128
25.200000000000003	0.019233197338359313
25.400000000000002	-0.019481935051326747
25.6	0.004173733180222599
25.8	0.015089224835457736
26.0	-0.02307731928112677
26.200000000000003	0.012984675528032954
26.400000000000002	0.007814477176137829
26.6	-0.023144856628254558
26.8	0.02062865103371028
27.0	-0.001673605360325253
27.200000000000003	-0.01920963883169642
27.400000000000002	0.025541344837607227
27.6	-0.011892971354827258
27.8	-0.011506760652934331
28.0	0.026457672742228183
28.200000000000003	-0.02097690978372605
28.400000000000002	-0.0010957784356124922
28.6	0.022777609061429033
28.8	-0.027045978019281998
29.0	0.01022971966001718
29.200000000000003	0.014862148560625319
29.400000000000002	-0.028718643482812712
29.6	0.02033146517475879
29.8	0.0040441965234457354
30.0	-0.02555025755155367
30.200000000000003	0.02733489878800627
30.400000000000002	-0.007777017923985675
30.6	-0.01806315873805356
30.8	0.030043045575302508
31.0	-0.01864730524151624
31.200000000000003	-0.007449467911416802
31.400000000000002	0.027979107938708267
31.6	-0.02682375349587864
31.8	0.004674728164074729
32.0	0.021340473135547
32.2	-0.03090454071835929
32.4	0.016385793884162215
32.6	0.011065364728454007
32.800000000000004	-0.030074061440527586
33.0	0.02569467158207015
33.2	-0.0011844503159411984
33.4	-0.024391385205968407
33.6	0.030987177866269453
33.800000000000004	-0.013312528619652195
34.0	-0.014885095632097592
34.2	0.03147978361165565
34.4	-0.023332745863662956
34.6	-0.0032639768733254207
34.800000000000004	0.027391950987452545
35.0	-0.0299260159279765
35.2	0.008703853257997475
35.4	0.019592295066615903
35.6	-0.03249919272621404
35.800000000000004	0.019583080536293023
36.0	0.009115716164207418
36.2	-0.030848700335827203
36.4	0.028159995972566125
36.6	-0.0028975241786197425
36.800000000000004	-0.025015086384597048
37.0	0.03327625463485144
37.2	-0.015015822321212818
37.4	-0.015503332576218047
37.6	0.034020119316318306
37.800000000000004	-0.02556444183700196
38.0	-0.0034394481243006964
38.2	0.03004827115232047
38.400000000000006	-0.03295870272138016
38.6	0.00956561478611458
38.800000000000004	0.021742676913963036
39.0	-0.036049072922080275
39.2	0.021741622410957413
39.400000000000006	0.01008452746195841
39.6	-0.034258071097238475
39.800000000000004	0.03145214450913437
40.0	-0.003603853920334271
40.2	-0.027459870760431538
40.400000000000006	0.037180206290768895
40.6	-0.017667994941680164
40.800000000000004	-0.01598726266193049
41.0	0.037490528124390764
41.2	-0.02992578464892893
41.400000000000006	-0.0010087922027925012
41.6	0.031431661693635086
41.800000000000004	-0.037821757458697154
42.0	0.015183214129968065
42.2	0.019191793760568298
42.400000000000006	-0.039093546399843505
42.6	0.029425645703156124
42.800000000000004	0.002471061518057738
43.0	-0.0325862529014303
43.2	0.038403828170367305
43.400000000000006	-0.015660479532832377
43.6	-0.018723613182335692
43.800000000000004	0.03940983158392894
44.0	-0.03127610889370884
44.2	0.00023681445264075763
44.400000000000006	0.03120008640597002
44.6	-0.04025462357526259
44.800000000000004	0.020301680665449334
45.0	0.014575076449170669
45.2	-0.03968819359647398
45.400000000000006	0.03686805740662323
45.6	-0.0073006779665515135
45.800000000000004	-0.028610387356551054
46.0	0.045172739521524743
46.2	-0.02965714297014018
46.400000000000006	-0.00822218678466587
46.6	0.04225199624929623
46.800000000000004	-0.04733266886257297
47.0	0.01753207800694561
47.2	0.027730183515820437
47.400000000000006	-0.05558843522939876
47.6	0.043444226456662946
47.800000000000004	0.0028088139217380976
48.0	-0.05080435700170448
48.2	0.06390565829997427
48.400000000000006	-0.02883656162727761
48.6	-0.03163168084858066
48.800000000000004	0.0727630648969994
49.0	-0.060733612126420096
49.2	0.0002683849105972958
49.400000000000006	0.06539275898287801
49.6	-0.08504657448221085
49.800000000000004	0.039394439267575965
50.0	0.0407462019076999
50.2	-0.09463688649295833
50.400000000000006	0.07757003342358824
50.6	0.002103259485669819
50.800000000000004	-0.08546127114822143
51.0	0.10635220073926245
51.2	-0.04394451675349031
51.400000000000006	-0.057307707650747476
51.6	0.11893074204350815
51.800000000000004	-0.08924083939169326
52.0	-0.013413208543469148
52.2	0.11098274439017544
52.400000000000006	-0.12501278161141188
52.6	0.03995940834807885
52.800000000000004	0.08106097664845899
53.0	-0.14316768406489752
53.2	0.09408697791312857
53.400000000000006	0.03201679579304825
53.6	-0.1377554933161463
53.800000000000004	0.1378663537061967
54.0	-0.028398857363715137
54.2	-0.10694152011225438
54.400000000000006	0.16110651054374925
54.6	-0.08882761811821883
54.800000000000004	-0.05552250227044745
55.0	0.15870636106913702
55.2	-0.13763851000019467
55.400000000000006	0.006792617526610636
55.6	0.1312465800603446
55.800000000000004	-0.16646987092708543
56.0	0.06947447672435869
56.2	0.08382481172891268
56.400000000000006	-0.1715668534185914
56.6	0.12306452993628336
56.800000000000004	0.02394496717879531
57.0	-0.15258317689876638
57.2	0.15995881641817966
57.400000000000006	-0.03974807113246908
57.6	-0.1122709741016813
57.800000000000004	0.1746678755698735
58.0	-0.09768474750093602
58.2	-0.056830654308942415
58.400000000000006	0.16513840652081735
58.6	-0.1409928580597452
58.800000000000004	0.004667522185129864
59.0	0.1338709303611645
59.2	-0.16379545766941725
59.400000000000006	0.06239728629522399
59.6	0.08744919312559322
59.800000000000004	-0.16491757695465128
60.0	0.10879451002612137
60.2	0.033929376958777076
60.400000000000006	-0.14716595219118303
60.6	0.1401022970666415
60.800000000000004	-0.02009413346268505
61.0	-0.11451536634571582
61.2	0.15490914281373594
61.400000000000006	-0.06973145466224001
61.6	-0.07064899255963875
61.800000000000004	0.15229084033419635
62.0	-0.11018140388360044
62.2	-0.020044466231445436
62.400000000000006	0.1323015744548128
62.6	-0.13657874532854586
62.800000000000004	0.031147877689252937
63.0	0.09749820714308294
63.2	-0.1456981005645141
63.400000000000006	0.07622886472781285
63.6	0.05300742862319665
63.800000000000004	-0.13725434374999196
64.0	0.1098588068872983
64.2	0.005035931387477774
64.4	-0.11367240618460725
64.60000000000001	0.12918935791763966
64.8	-0.0409800733145778
65.0	-0.07844193796477378
65.2	0.13312985936889604
65.4	-0.08072589201103447
65.60000000000001	-0.03501064692732616
65.8	0.12095666669892911
66.0	-0.10966179344187382
66.2	0.012110155062816375
66.4	0.09295475105455023
66.60000000000001	-0.12287345148362817
66.8	0.056138887160218955
67.0	0.052544363597119066
67.2	-0.11739154113235956
67.4	0.08944398769130113
67.60000000000001	0.006626355624425907
67.8	-0.09431669405500626
68.0	0.10643308511743749
68.2	-0.03655610069536744
68.4	-0.058537775986108216
68.60000000000001	0.10516477328244347
68.8	-0.0698619292980957
69.0	-0.016961178450070703
69.2	0.0872162511312353
69.4	-0.08860557249307738
69.60000000000001	0.023307531547387312
69.8	0.0565309549274215
70.0	-0.09057665042985362
70.2	0.05578371067328114
70.4	0.018619528054524246
70.60000000000001	-0.07579811645104834
70.8	0.07476221937408967
71.0	-0.019376084069576933
71.2	-0.047262941857781904
71.4	0.07649274450048936
71.60000000000001	-0.04942789527757555
71.8	-0.011490301899091697
72.0	0.0611415818134715
72.2	-0.06506302315490452
72.4	0.022948098249122483
72.60000000000001	0.033299852878572046
72.8	-0.06368884300508706
73.0	0.048246527286558594
73.2	0.0003274617177310309
73.4	-0.047011897304358966
73.60000000000001	0.05944160606581725
73.8	-0.02994745198945772
74.0	-0.019978997945058908
74.2	0.05513533481926382
74.4	-0.051053408847712395
74.60000000000001	0.01080536126186143
74.8	0.0371783617792923
75.0	-0.05885187193239415
75.2	0.03846089303504204
75.4	0.009957934120268444
75.60000000000001	-0.05193630699082066
75.8	0.05685319758486867
76.0	-0.0202680616164733
76.2	-0.03198711200255499
76.4	0.061778881427269255
76.60000000000001	-0.046459873459006755
76.80000000000001	-0.0037369248488275074
77.0	0.052206317106383474
77.2	-0.06257461610846896
77.4	0.026148652775135423
77.60000000000001	0.0306287532728716
77.80000000000001	-0.06521983858803855
78.0	0.05095768444372713
78.2	0.002165287119175768
78.4	-0.05427483086193242
78.60000000000001	0.06556752901883378
78.80000000000001	-0.02691731629471594
79.0	-0.032563809097864584
79.2	0.06740550187203818
79.4	-0.05068941341161147
79.60000000000001	-0.004940855556261645
79.80000000000001	0.05673675959739018
80.0	-0.06477765268415182
80.2	0.022933027465551467
80.4	0.036318595572653774
80.60000000000001	-0.06711256672957848
80.80000000000001	0.04585296614808258
81.0	0.010548581208825833
81.2	-0.05807516987586116
81.4	0.06005482066325398
81.60000000000001	-0.015607576408446592
81.80000000000001	-0.04010210448950168
82.0	0.06372670825373149
82.2	-0.037593281891932374
82.4	-0.01699741689290157
82.60000000000001	0.0571033595597017
82.80000000000001	-0.05201437614462658
83.0	0.006866465953595079
83.2	0.04224010178102256
83.4	-0.05714746395924866
83.60000000000001	0.027386854707762618
83.80000000000001	0.022501161885436473
84.0	-0.053159600277122916
84.2	0.0415267023930469
84.4	0.001778286471180949
84.60000000000001	-0.0419265297802109
84.80000000000001	0.047891181950566644
85.0	-0.016458869368488196
85.2	-0.026366760668112155
85.4	0.04680477589273541
85.60000000000001	-0.029938443168172676
85.80000000000001	-0.009458801764497983
86.0	0.03971514979507974
86.2	-0.037684361104234496
86.4	0.006407020837556546
86.60000000000001	0.028436407569155706
86.80000000000001	-0.03956425346079018
87.0	0.019416080824181094
87.2	0.014881523912031302
87.4	-0.0360090280265798
87.60000000000001	0.02819009362223713
87.80000000000001	0.001104079633358418
88.0	-0.028099126418241343
88.2	0.031984613631374816
88.4	-0.010912737861526831
88.60000000000001	-0.01752800374724466
88.80000000000001	0.03093691850184519
89.0	-0.019703010956554745
89.2	-0.006211441958157448
89.4	0.0259915393725403
89.60000000000001	-0.024631194267586608
89.80000000000001	0.004237631889319073
90.0	0.018468828722441804
90.2	-0.025803959783479845
90.4	0.012812069519110706
90.60000000000001	0.009542661160518351
90.80000000000001	-0.023593170549510184
91.0	0.01887394064648038
91.2	0.0001889929800119591
91.4	-0.018369551351119
91.60000000000001	0.021788591799141166
91.80000000000001	-0.0084442840306704
92.0	-0.010809113525781849
92.2	0.021099077548616767
92.4	-0.014998228134809131
92.60000000000001	-0.002192369332170646
92.80000000000001	0.01702558591594841
93.0	-0.018417822712593443
93.2	0.005888286627231826
93.4	0.010553532896524479
93.60000000000001	-0.018389004872406665
93.80000000000001	0.01208885326997708
94.0	0.003046916999237646
94.2	-0.015315342459421516
94.4	0.01562734115340141
94.60000000000001	-0.004192031844874833
94.80000000000001	-0.01000727909171757
95.0	0.016250624797859155
95.2	-0.01013319791798627
95.4	-0.0033868952831869856
95.60000000000001	0.014006632915368107
95.80000000000001	-0.01391183311066895
96.0	0.0034859603493360217
96.2	0.009246831057883015
96.4	-0.014805137272594037
96.60000000000001	0.009297246938778023
96.80000000000001	0.002892018784700955
97.0	-0.01259914396970193
97.2	0.012775533500774358
97.4	-0.0035937855764539405
97.60000000000001	-0.00791918166659594
97.80000000000001	0.01326192299274251
98.0	-0.008732913003046721
98.2	-0.0020250903493950006
98.4	0.010939388410572548
98.60000000000001	-0.011557751790880729
98.80000000000001	0.003705221190024018
99.0	0.006602318375552113
99.2	-0.011756138490770436
99.4	0.008154569168663705
99.60000000000001	0.0013055174494967935
99.80000000000001	-0.009548180192298026
100.0	0.01059773873895997
100.2	-0.003886847101299824
100.4	-0.0054956511544692575
100.60000000000001	0.010661919361370032
100.80000000000001	-0.007965650176125168
101.0	-0.00045029341577621683
101.2	0.008359130487015642
101.4	-0.010053332194102317
101.60000000000001	0.004448992304727128
101.80000000000001	0.004246479109452705
102.0	-0.009691315225886777
102.2	0.008026606286628985
102.4	-0.0006028868460606412
102.60000000000001	-0.007100518746697958
102.80000000000001	0.00950843557925002
103.0	-0.004978184491422024
103.2	-0.0030792979916047084
103.4	0.008749974399300336
103.60000000000001	-0.00794421714620242
103.80000000000001	0.0013465376438670104
104.0	0.006138872141054919
104.2	-0.009014616629777504
104.4	0.005221578327866392
104.60000000000001	0.002377445449035137
104.80000000000001	-0.008139900738979996
105.0	0.007823037901647777
105.2	-0.00171208202740391
105.4	-0.005614970077161421
105.60000000000001	0.008707351033786594
105.80000000000001	-0.005300094664611516
106.0	-0.0020153918725487594
106.2	0.007753317699345428
106.4	-0.007651655083893776
106.60000000000001	0.001852464093847193
106.80000000000001	0.005241416780445214
107.0	-0.008310169095476997
107.2	0.005122050077177655
107.4	0.0018276916710161842
107.60000000000001	-0.007261035398691891
107.80000000000001	0.007135790725635005
108.0	-0.001670407284240714
108.2	-0.004902628238553814
108.4	0.007615300715991186
108.60000000000001	-0.004532618749645088
108.80000000000001	-0.0018597042919522757
109.0	0.006650226181849846
109.2	-0.006282838045433712
109.4	0.001205073866933918
109.60000000000001	0.004596622802793497
109.80000000000001	-0.006728353258441231
110.0	0.0037235628373614906
110.2	0.0019570495439020777
110.4	-0.0059350579101621875
110.60000000000001	0.005294965388360768
110.80000000000001	-0.0007195713302002179
111.0	-0.004183182421836285
111.2	0.00572822712641642
111.4	-0.0029250463678551037
111.60000000000001	-0.0019132941091717234
111.80000000000001	0.005073059845050179
112.0	-0.004292155422818677
112.2	0.0003697261471654869
112.4	0.0036027783036499113
112.60000000000001	-0.004676121296600826
112.80000000000001	0.002226785414228513
113.0	0.0017214736493007413
113.2	-0.004159872348636207
113.4	0.0033809399741168743
113.60000000000001	-0.0001569319238902927
113.80000000000001	-0.002986740952565918
114.0	0.0037414971225220145
114.2	-0.0016978966102266717
114.4	-0.0014741195623048414
114.60000000000001	0.0033785392782738157
114.80000000000001	-0.0026910283564250937
115.0	6.249056434756306e-05
115.2	0.0024720950785494388
115.4	-0.003057581590572218
115.60000000000001	0.0013626195771346652
115.80000000000001	0.0012575209355817061
116.0	-0.002833303090048451
116.2	0.002248809853869045
116.4	-2.191812327121904e-05
116.60000000000001	-0.0021398702443498857
116.80000000000001	0.002636818548246826
117.0	-0.0011520120194680123
117.2	-0.0011515956639762401
117.4	0.0025312123659795905
117.60000000000001	-0.0019737572409056054
117.80000000000001	-6.14726837749818e-05
118.0	0.002010795467185119
118.2	-0.0023982292946953766
118.4	0.000950787009609206
118.60000000000001	0.001204417448310348
118.80000000000001	-0.0024088154047887263
119.0	0.001744747120095647
119.2	0.00026167299374393356
119.4	-0.0020493355398359405
119.60000000000001	0.002231617805961281
119.80000000000001	-0.0006732723884568454
120.0	-0.0014034135059458803
120.2	0.002372081105506479
120.4	-0.0014758230402152504
120.60000000000001	-0.0005772510870252292
120.80000000000001	0.0021692135962191675
121.0	-0.002046600479118841
121.2	0.0003102094647826032
121.4	0.0016644476053135615
121.60000000000001	-0.002316248614478803
121.80000000000001	0.0011349352745336826
122.0	0.000936603917542879
122.2	-0.0022542126181264326
122.4	0.0017797843781223635
122.60000000000001	9.773891580770843e-05
122.80000000000001	-0.0018798521982654594
123.0	0.0021562849888290127
123.2	-0.0007241360697874116
123.4	-0.0012624665695032107
123.60000000000001	0.0022233256951499844
123.80000000000001	-0.001411686953664199
124.0	-0.0005038424771765835
124.2	0.001989513794750995
124.4	-0.0018763796792724125
124.60000000000001	0.0002820261520448571
124.80000000000001	0.0015045618524781317
125.0	-0.002066306750225864
125.2	0.0009839238720682055
125.4	0.0008514694661973456
125.60000000000001	-0.001971701894360552
125.80000000000001	0.0015076065199210184
126.0	0.0001354615923069892
126.2	-0.0016283334357912495
126.4	0.001793610028682029
126.60000000000001	-0.0005355711482117628
126.80000000000001	-0.0011105743076456748
127.0	0.0018286452785306558
127.2	-0.0010742313217089847
127.4	-0.0005117861288798965
127.60000000000001	0.001643345836519798
127.80000000000001	-0.0014305387423173218
128.0	8.015416169801645e-05
128.20000000000002	0.0012961882448913266
128.4	-0.0015936041657913418
128.6	0.0006003557222998567
128.8	0.0008515479285511282
129.0	-0.0015786555624681788
129.20000000000002	0.001008594717632191
129.4	0.0003682478490148912
129.6	-0.00141512619285351
129.8	0.0012838678018543908
130.0	-0.00010237924698826746
130.20000000000002	-0.00114258612622753
130.4	0.0014244650379812616
130.6	-0.0005219018725671457
130.8	-0.000804592020452894
131.0	0.0014475416606657614
131.20000000000002	-0.0008731752661741863
131.4	-0.00043454874114943196
131.6	0.001376541603589267
131.8	-0.0011567062715524899
132.0	-4.733088879399331e-05
132.20000000000002	0.001224777494337386
132.4	-0.0013749882292503942
132.6	0.00035374867670354485
132.8	0.0009906183042330576
133.0	-0.001518540020266224
133.20000000000002	0.000761019679134316
133.4	0.0006669036289167129
133.6	-0.001563843539850204
133.8	0.0011501085228221495
134.0	0.00025754214659664675
134.20000000000002	-0.0014864251609460824
134.4	0.00148326509421945
134.6	-0.00021473044092564563
134.8	-0.0012750546388700028
135.0	0.0017228449076914848
135.20000000000002	-0.0007158007106309399
135.4	-0.0009322409877829024
135.6	0.0018376747933252563
135.8	-0.0012077173727917069
136.0	-0.00046831477355728404
136.20000000000002	0.0017981992954326474
136.4	-0.0016436875817652285
136.6	9.325178581801138e-05
136.8	0.001579927404926505
137.0	-0.001965302770247872
137.20000000000002	0.0007049396677642837
137.4	0.0011786850386395014
137.6	-0.0021145118030293612
137.8	0.00129612422594021
138.0	0.0006233926997204962
138.20000000000002	-0.002053710328445735
138.4	0.0017884417215070947
138.6	-2.512373167974739e-05
138.8	-0.0017802010816619074
139.0	0.002118275655358625
139.20000000000002	-0.0006916060136660184
139.4	-0.0013236112725456763
139.6	0.002249111958728053
139.8	-0.0013053186197594102
140.0	-0.0007306708253586151
140.20000000000002	0.002166447396785274
140.4	-0.0018043857483955243
140.6	-5.733209891853027e-05
140.8	0.0018714819348761296
141.0	-0.0021314372936851365
141.20000000000002	0.0006257917655289997
141.4	0.0013896290906152237
141.6	-0.0022426299052823034
141.8	0.001236592470128259
142.0	0.0007786008167136812
142.20000000000002	-0.0021261177955900585
142.4	0.0017016997948235352
142.6	0.00011808671353163399
142.8	-0.001808199467234542
143.0	0.0019758047963363786
143.20000000000002	-0.0005116045795626221
143.4	-0.0013427296445588906
143.6	0.0020483408487665606
143.8	-0.001048584414131896
144.0	-0.0007915506244571218
144.20000000000002	0.0019330335613197852
144.4	-0.0014519883760263236
144.6	-0.00021173003497403244
144.8	0.0016542301385862844
145.0	-0.0016935755514823445
145.20000000000002	0.0003395045726543889
145.4	0.0012490627227605682
145.6	-0.0017564995010643186
145.8	0.0008028849951281292
146.0	0.000773562840332035
146.20000000000002	-0.0016513631352737886
146.4	0.0011345060550889982
146.6	0.00029518662308799056
146.8	-0.0014200283045492637
147.0	0.0013222554063811267
147.20000000000002	-0.00013358452944616062
147.4	-0.001114462249194144
147.6	0.0013826450350011032
147.8	-0.0004883205389857537
148.0	-0.0007762251673815168
148.20000000000002	0.0013415174201587452
148.4	-0.0007631916137253836
148.6	-0.0004309395101176901
148.8	0.001218487371126268
149.0	-0.0009557711068280809
149.20000000000002	-9.754131140892734e-05
149.4	0.001028904595036926
149.6	-0.0010614757467087715
149.8	0.00020121545036974926
150.0	0.0007954949810836282
150.20000000000002	-0.001083814947672171
150.4	0.0004450905856102073
150.6	0.0005488314969571775
150.8	-0.0010432698103475092
151.0	0.0006324564120225701
151.20000000000002	0.0003088348144789824
151.4	-0.0009635413087462581
151.6	0.0007775020927794346
151.8	7.439031502050142e-05
152.0	-0.000851292342591222
152.20000000000002	0.0008878812250685572
152.4	-0.00016087377805602186
152.6	-0.00069945808285379
152.8	0.0009549204585089133
153.0	-0.00039099379036292465
153.20000000000002	-0.0005047861507564283
153.4	0.0009647029162907448
153.60000000000002	-0.0005977373665291239
153.8	-0.0002790041306706546
154.0	0.0009137841540238748
154.20000000000002	-0.0007634352297700027
154.4	-4.2361043318751496e-05
154.60000000000002	0.0008120654206339613
154.8	-0.0008842448943527188
155.0	0.00019412509187529282
155.20000000000002	0.0006693547543664427
155.4	-0.0009645067632674582
155.60000000000002	0.0004310546843178291
155.8	0.0004823309143335924
156.0	-0.0009956657908668282
156.20000000000002	0.0006626790506924417
156.4	0.00024362226582560708
156.60000000000002	-0.000956327612426359
156.8	0.0008640503487823945
157.0	-3.479964484698724e-05
157.20000000000002	-0.0008341442179611628
157.4	0.0010037661310840539
157.60000000000002	-0.0003225788235501064
157.8	-0.0006383859537281277
158.0	0.0010646570790917261
158.20000000000002	-0.0005893341937136469
158.4	-0.0003905854861601921
158.60000000000002	0.0010455407886425074
158.8	-0.0008158492898208465
159.0	-0.00010994632459519238
159.20000000000002	0.000949903505238377
159.4	-0.0009895346590223918
159.60000000000002	0.00018961671553933474
159.8	0.0007766743327675745
160.0	-0.001091961616058171
160.20000000000002	0.00048753611584347804
160.4	0.000527785735149827
160.60000000000002	-0.0010982215663687355
160.8	0.0007456404086197825
161.0	0.00022745117808087181
161.20000000000002	-0.00099800127092355
161.4	0.0009220116993035389
161.60000000000002	-7.689630179298016e-05
161.8	-0.0008130100773410988
162.0	0.0009986298937867796
162.20000000000002	-0.0003406428701003818
162.4	-0.0005839540837917738
162.60000000000002	0.000986378355730667
162.8	-0.0005413956369550116
163.0	-0.00034675523537716895
163.20000000000002	0.0009079465068908238
163.4	-0.0006747684161322146
163.60000000000002	-0.00012514604082727014
163.8	0.0007850446596603954
164.0	-0.000742862981362259
164.20000000000002	6.305799219911516e-05
164.4	0.0006390609823504102
164.60000000000002	-0.0007514277688855356
164.8	0.00020126400357728613
165.0	0.0004978045338994689
165.20000000000002	-0.0007183744302501509
165.4	0.0002817784901384416
165.60000000000002	0.00039283427069040515
165.8	-0.0006803088178327149
166.0	0.000322513184956558
166.20000000000002	0.00033823402387824094
166.4	-0.0006770912028949377
166.60000000000002	0.00036649410717087485
166.8	0.00031310826953164173
167.0	-0.0007225233420482576
167.20000000000002	0.00045420043547307403
167.4	0.00027454419462571164
167.60000000000002	-0.0007970290501164616
167.8	0.0006004134507842166
168.0	0.00018434827749124356
168.20000000000002	-0.0008649877423850517
168.4	0.0007959483466923321
168.60000000000002	2.0044243388966265e-05
168.8	-0.0008899050193851962
169.0	0.0010185065938800016
169.20000000000002	-0.00022811734782964284
169.4	-0.0008367816496563118
169.60000000000002	0.0012355979476279444
169.8	-0.0005583574992412915
170.0	-0.0006710612158541664
170.20000000000002	0.0014004955983166383
170.4	-0.0009495217759259186
170.60000000000002	-0.0003661128019871095
170.8	0.00145215842980492
171.0	-0.0013489824612880868
171.20000000000002	7.581593180853947e-05
171.4	0.0013342184193057658
171.60000000000002	-0.0016770343957425902
171.8	0.0006074340234179824
172.0	0.0010259451062791147
172.20000000000002	-0.0018574550621029003
172.4	0.0011505381060692675
172.60000000000002	0.0005517864658680764
172.8	-0.0018446982312160666
173.0	0.0016254234094730767
173.20000000000002	-3.5342879738337274e-05
173.4	-0.0016254922713181562
173.60000000000002	0.0019652884992474072
173.8	-0.0006697912217887243
174.0	-0.001210841838277664
174.20000000000002	0.0021167784940611606
174.4	-0.0012763043549801315
174.60000000000002	-0.0006363793803833506
174.8	0.002044508903166786
175.0	-0.0017734885372490557
175.20000000000002	3.366341032083398e-05
175.4	0.0017434034543693429
175.60000000000002	-0.0020873786843809703
175.8	0.0007104061841807738
176.0	0.0012503729662655019
176.20000000000002	-0.002174279996808404
176.4	0.0013012406371862586
176.60000000000002	0.0006393696322375035
176.8	-0.002037517684246874
177.0	0.0017406547960157088
177.20000000000002	-7.1775055656218e-06
177.4	-0.0017158124666278999
177.60000000000002	0.0020006477641643415
177.8	-0.000623880249241619
178.0	-0.0012570541092210305
178.20000000000002	0.002075885520203239
178.4	-0.001162328204492051
178.60000000000002	-0.0007080632339424776
178.8	0.001971042224788609
179.0	-0.001581819404341985
179.20000000000002	-0.00011972269582889794
179.4	0.0017038687349042428
179.60000000000002	-0.0018516232993744002
179.8	0.0004535068424503829
180.0	0.0013090031272189055
180.20000000000002	-0.0019599876307777888
180.4	0.0009643327669390278
180.60000000000002	0.0008314405954551773
180.8	-0.0019162955279883912
181.0	0.001383700008740817
181.20000000000002	0.00031166326126872573
181.4	-0.0017404176729871683
181.60000000000002	0.0017004696465925046
181.8	-0.00022549959356574334
182.0	-0.0014443252258856962
182.20000000000002	0.0019034157529873898
182.4	-0.0007607121199874125
182.60000000000002	-0.0010301488497927048
182.8	0.0019675784145491283
183.0	-0.001259559744328745
183.20000000000002	-0.0005101224866265757
183.4	0.0018655084528255467
183.60000000000002	-0.0016700087746234354
183.8	7.816196702218765e-05
184.0	0.0015883837815543415
184.20000000000002	-0.0019398371677987521
184.4	0.0006773477206067468
184.60000000000002	0.0011543664968068227
184.8	-0.0020332417234732152
185.0	0.0012254636606226464
185.20000000000002	0.0006025028204193129
185.4	-0.0019354305161723838
185.60000000000002	0.001666691091188369
185.8	-1.6873033743394217e-05
186.0	-0.0016490292472647638
186.20000000000002	0.0019532003839818515
186.4	-0.0006455203823138807
186.60000000000002	-0.001192114596602958
186.8	0.002043928904146327
187.0	-0.0012133047705227965
187.20000000000002	-0.0006071859691237431
187.4	0.0019157741130777927
187.60000000000002	-0.0016443318657009059
187.8	3.279200972759592e-05
188.0	0.0015825337614059703
188.20000000000002	-0.0018804534934338524
188.4	0.0006394217557029454
188.60000000000002	0.00109788020460113
188.8	-0.0019018161052218165
189.0	0.0011358062724583153
189.20000000000002	0.0005375414241552268
189.4	-0.0017279760411550052
189.60000000000002	0.0014746854950579357
189.8	-2.4113456605268387e-05
190.0	-0.0014030434380429093
190.20000000000002	0.0016396001059323238
190.4	-0.0005282823543005387
190.60000000000002	-0.0009786473607817545
190.8	0.0016347671887546804
191.0	-0.0009320002559607966
191.20000000000002	-0.0005065803223293793
191.4	0.0014769741463339513
191.60000000000002	-0.0012033194538314902
191.8	-4.104287671382186e-05
192.0	0.001198298619164068
192.20000000000002	-0.001325871223926592
192.4	0.00036548974952932173
192.60000000000002	0.0008469180833907424
192.8	-0.0013073772926737869
193.0	0.0006761257418162654
193.20000000000002	0.0004747688274307222
193.4	-0.00117589603331619
193.60000000000002	0.0008769416898051503
193.8	0.0001228720845213876
194.0	-0.000965851782094532
194.20000000000002	0.0009709034566738002
194.4	-0.00018276279491393174
194.60000000000002	-0.0007070778990870726
194.8	0.0009664265862768033
195.0	-0.00042459185781964473
195.20000000000002	-0.00042469819184513233
195.4	0.0008718073976103728
195.60000000000002	-0.0005852573963801717
195.8	-0.00014688001629527056
196.0	0.0007002687193275533
196.20000000000002	-0.0006487155804359427
196.4	9.092874070950429e-05
196.60000000000002	0.0004794607145069231
196.8	-0.000611580753011457
197.0	0.0002544245830541361
197.20000000000002	0.00024989690901261805
197.4	-0.0004900564469239654
197.60000000000002	0.00032298014529617093
197.8	5.356094592188517e-05
198.0	-0.00031551874420772207
198.20000000000002	0.00029326972074842196
198.4	-7.411777112142914e-05
198.60000000000002	-0.0001277186461198519
198.8	0.000177707089966565
199.0	-0.00010745349114280599
199.20000000000002	2.8662283558991437e-05
199.4	4.9849760776711585e-06
199.60000000000002	-3.5065345013525945e-05
199.8	0.00010840760038380163
200.0	-0.00017912955049355765
200.20000000000002	0.0001326158003250034
200.4	7.580869215749667e-05
200.60000000000002	-0.0003169100543468476
200.8	0.00035851231615320953
201.0	-8.241128205171577e-05
201.20000000000002	-0.0003514208679446942
201.4	0.0005821865081932908
201.60000000000002	-0.0003474204804497205
201.8	-0.00024366715912567353
202.0	0.0007332940945423345
202.20000000000002	-0.0006688887102582915
202.4	1.4631855868474966e-05
202.60000000000002	0.0007490284462576966
202.8	-0.0009751886534759108
203.0	0.0003974915071408323
203.20000000000002	0.0005877254458080567
203.4	-0.001186009166708757
203.60000000000002	0.0008463707130794683
203.8	0.00023928022323267345
204.0	-0.001226304380244361
204.20000000000002	0.0012754758179472803
204.4	-0.0002653149799410196
204.60000000000002	-0.0010452545916094659
204.8	0.0015864425678596152
205.0	-0.0008525266226048297
205.20000000000002	-0.0006347246444697158
205.4	0.0016926792414456492
205.60000000000002	-0.0014206803139349446
205.8	-3.461775771860213e-05
206.0	0.001540605318234539
206.20000000000002	-0.0018618213398569202
206.4	0.0006748658772918432
206.60000000000002	0.0011197550165234725
206.8	-0.0020808778822213564
207.0	0.0013864104744134285
207.20000000000002	0.00046569827394449227
207.4	-0.002011344254636119
207.60000000000002	0.001980290431759883
207.8	-0.0003410775510701806
208.0	-0.0016295783054322303
208.20000000000002	0.002343288063702757
208.4	-0.0011829912715152274
208.60000000000002	-0.0009658864868972141
208.8	0.0023916391313096976
209.0	-0.0019231301008822872
209.20000000000002	-0.00010662453160015417
209.4	0.0020939412989441865
209.60000000000002	-0.0024341972839366463
209.8	0.0008205239697564722
210.0	0.001481739418234073
210.20000000000002	-0.0026283508596878827
210.4	0.0016765263341616964
210.60000000000002	0.0006382101458710849
210.8	-0.002469903609058194
211.0	0.0023366658710062206
211.20000000000002	-0.00032206677683809204
211.4	-0.001972582491129785
211.60000000000002	0.002702872237144761
211.8	-0.001266862101717771
212.0	-0.0011973781694376365
212.20000000000002	0.0027147268833023082
212.4	-0.002059501348076639
212.60000000000002	-0.0002513589774453469
212.8	0.0023655739783549437
213.0	-0.002583025714495299
213.20000000000002	0.0007270509834071082
213.4	0.0017095856230587665
213.60000000000002	-0.00276647555631227
213.8	0.0015967701881820144
214.0	0.0008504282578586976
214.20000000000002	-0.0025991200837436105
214.4	0.00224438693959193
214.60000000000002	-8.508412137310372e-05
214.8	-0.002125001892720455
215.0	0.002602268001512082
215.20000000000002	-0.0009758027661920762
215.4	-0.0014219931569708043
215.60000000000002	0.0026463894436787438
215.8	-0.0017198660086730146
216.0	-0.0005847682687625664
216.20000000000002	0.002387494445355622
216.4	-0.002236444966377828
216.60000000000002	0.0002802493248023078
216.8	0.0018717773671681143
217.0	-0.002474192899246307
217.20000000000002	0.0010641403337351338
217.4	0.0011812311748843763
217.60000000000002	-0.0024260254187728142
217.8	0.001678505955699963
218.0	0.00041608962204594966
218.20000000000002	-0.0021286029362753843
218.4	0.0020732742931243255
218.60000000000002	-0.00033090686896385254
218.8	-0.001643977320604901
219.0	0.002235663601469571
219.20000000000002	-0.0009894128774700155
219.4	-0.0010393626239366238
219.60000000000002	0.0021768213688677924
219.8	-0.0015111059751014239
220.0	-0.00037700481582766797
220.20000000000002	0.0019187313123957038
220.4	-0.0018603656387519577
220.60000000000002	0.0002824595082883044
220.8	0.0014934868218484181
221.0	-0.0020117788154530875
221.20000000000002	0.0008758467417934187
221.4	0.0009502771167241761
221.60000000000002	-0.001959747203062877
221.8	0.0013464334598135062
222.0	0.00035213988418669886
222.20000000000002	-0.0017244377111846573
222.4	0.0016577511817339446
222.60000000000002	-0.00023954595505692566
222.8	-0.0013422208369235715
223.0	0.0017940834199133193
223.20000000000002	-0.0007737762550133651
223.4	-0.0008541475153340266
223.60000000000002	0.00175156686698388
223.8	-0.0012064021967371987
224.0	-0.0003050945630454856
224.20000000000002	0.001535302660189302
224.4	-0.0014961125786476573
224.60000000000002	0.00025113464815890526
224.8	0.0011649172881572673
225.0	-0.0016083800432707572
225.20000000000002	0.0007505194870748231
225.4	0.0006831826919643192
225.60000000000002	-0.001528442794696727
225.8	0.0011291127214841795
226.0	0.00015539838113868534
226.20000000000002	-0.001272722031557733
226.4	0.0013413528736644338
226.60000000000002	-0.0003454721255998063
226.8	-0.000886088636915899
227.0	0.0013707354256974663
227.20000000000002	-0.0007561122935302332
227.4	-0.0004282598921591131
227.60000000000002	0.0012271061087446814
227.8	-0.001030476240165902
228.0	3.6920976724329703e-05
228.20000000000002	0.0009406830433959327
228.4	-0.0011411708922611711
228.60000000000002	0.0004466411220367002
228.8	0.0005591890564217526
229.0	-0.0010821818408894045
229.20000000000002	0.0007449793344252162
229.4	0.0001450413478596359
229.60000000000002	-0.000873255701548692
229.8	0.0008924023958024888
230.0	-0.0002319817207897075
230.20000000000002	-0.0005618604326954759
230.4	0.0008780317219524
230.60000000000002	-0.0005103801711339411
230.8	-0.00021479084532440585
231.0	0.0007253954407043564
231.20000000000002	-0.00065456358369108
231.4	0.00010086600667700581
231.60000000000002	0.0004835297724006923
231.8	-0.0006611793050991269
232.0	0.0003348539080383812
232.20000000000002	0.00021022624625422132
232.4	-0.0005529834389560489
232.60000000000002	0.0004605435696535144
232.8	-4.137081494506252e-05
233.0	-0.00036839933170584573
233.20000000000002	0.0004735858043914169
233.4	-0.00022967524784324252
233.60000000000002	-0.00015278726729959965
233.8	0.00038816719501084555
234.0	-0.0003275920014861478
234.20000000000002	4.693413059236917e-05
234.4	0.00023485382451556312
234.60000000000002	-0.0003258206290579195
234.8	0.00018819479178775318
235.0	5.816967256065863e-05
235.20000000000002	-0.00023830378324750116
235.4	0.0002442018574682431
235.60000000000002	-9.343306829682414e-05
235.8	-0.00010103333554175719
236.0	0.00021397028144077356
236.20000000000002	-0.00018408623198404357
236.4	4.134867331634736e-05
236.60000000000002	0.00012006539691152987
236.8	-0.0002003241135796667
237.0	0.00015111931330624088
237.20000000000002	-3.2943435512127934e-06
237.4	-0.00014956264072340348
237.60000000000002	0.00020603310544284643
237.8	-0.00012242918733602407
238.0	-5.1897159755627104e-05
238.20000000000002	0.0001992303925577777
238.4	-0.00021077530028134863
238.60000000000002	6.774067695016553e-05
238.8	0.00013497530513848706
239.0	-0.00024923735245088084
239.20000000000002	0.0001821828907791739
239.4	2.705670991813491e-05
239.60000000000002	-0.00022687388107047956
239.8	0.00026303791985319707
240.0	-9.930478324013687e-05
240.20000000000002	-0.0001468491655910514
240.4	0.00028814223472293127
240.60000000000002	-0.00021151183943769506
240.8	-2.972682875743445e-05
241.0	0.00025195089178813105
241.20000000000002	-0.00028209248123411957
241.4	9.433033858503703e-05
241.60000000000002	0.00016683872206778175
241.8	-0.00029824569233183855
242.0	0.0001976560860226408
242.20000000000002	5.536356457170277e-05
242.4	-0.0002623125238063968
242.60000000000002	0.00026256065628686557
242.8	-5.912603035401901e-05
243.0	-0.00018603120928179233
243.20000000000002	0.0002817226478618962
243.4	-0.00015760058211555843
243.60000000000002	-8.42427468496035e-05
243.8	0.00025405219002576574
244.0	-0.00022440586247766568
244.20000000000002	2.5793173461668574e-05
244.4	0.00018386235331830235
244.60000000000002	-0.0002461253471487719
244.8	0.00012240643333535095
245.0	8.457680733238773e-05
245.20000000000002	-0.00021736068450694217
245.4	0.0001840843064718259
245.60000000000002	-2.0553923059791405e-05
245.8	-0.00014631895597692283
246.0	0.0001979093115151415
246.20000000000002	-0.00010726423634411193
246.4	-5.148376065861807e-05
246.60000000000002	0.00016448456860150513
246.8	-0.00015863546940037465
247.0	4.547697917093674e-05
247.20000000000002	9.409718439119397e-05
247.4	-0.0001667578375235302
247.60000000000002	0.00012600000251718435
247.8	9.496227452980102e-07
248.0	-0.00013095591654653236
248.20000000000002	0.0001759064175605657
248.4	-9.91824085365451e-05
248.60000000000002	-5.517411414564832e-05
248.8	0.00018337618391176195
249.0	-0.0001880284390420233
249.20000000000002	5.104047790000447e-05
249.4	0.00014032476358124123
249.60000000000002	-0.00024457014372254206
249.8	0.00016915602691103325
250.0	4.811208540576002e-05
250.20000000000002	-0.00025060763132954964
250.4	0.00027383352190195684
250.60000000000002	-7.917781927119959e-05
250.8	-0.00019834810744664576
251.0	0.00034084071546885123
251.20000000000002	-0.00021866894344462376
251.4	-9.238209134611893e-05
251.60000000000002	0.00035326922421079736
251.8	-0.00034503610485123794
252.0	5.305314605210243e-05
252.20000000000002	0.0003032605223217297
252.4	-0.0004343983803950787
252.60000000000002	0.00021679915193676031
252.8	0.00019228446653228343
253.0	-0.0004669152514956488
253.20000000000002	0.0003729462414186105
253.4	3.2007144243668313e-05
253.60000000000002	-0.00043007784422556306
253.8	0.0004932958984409543
254.0	-0.00015519519799382376
254.20000000000002	-0.0003223292857917143
254.4	0.0005524959903363755
254.60000000000002	-0.00033880313051915195
254.8	-0.00015663164192340927
255.0	0.0005359819848122816
255.20000000000002	-0.00048671654884680675
255.4	4.085187953587573e-05
255.60000000000002	0.00044410852906803745
255.8	-0.0005734219631201256
256.0	0.00023852849580053968
256.2	0.00029110600107181144
256.40000000000003	-0.0005856812709701527
256.6	0.0004058262993762891
256.8	0.00010132480233124378
257.0	-0.0005227588616343572
257.2	0.0005177885147778783
257.40000000000003	-9.534543044971328e-05
257.6	-0.0003967653982914913
257.8	0.0005594432979407913
258.0	-0.00026802907151476837
258.2	-0.0002312794435126304
258.40000000000003	0.0005296386673329186
258.6	-0.00039207971824825225
258.8	-5.598614090200963e-05
259.0	0.0004414059759473003
259.2	-0.00045495698075997585
259.40000000000003	0.00010099635126917531
259.6	0.00031763470310877884
259.8	-0.00045834487169007214
260.0	0.0002202657732563253
260.2	0.00018365935484861658
260.40000000000003	-0.000415223041367915
260.6	0.0002943904791356752
260.8	6.01778828601871e-05
261.0	-0.0003436125686680166
261.2	0.00032616630676016617
261.40000000000003	-3.989133493565059e-05
261.6	-0.00026134619592717886
261.8	0.0003250254280004308
262.0	-0.00011146055943760146
262.2	-0.0001833146566037261
262.40000000000003	0.00030445850317368796
262.6	-0.0001573459061576973
262.8	-0.00011862790748662033
263.0	0.0002788213112141046
263.2	-0.00018773785306177497
263.40000000000003	-6.721189368242974e-05
263.6	0.00025742350865880323
263.8	-0.00021522591871969934
264.0	-2.0468754753834546e-05
264.2	0.00024010779731563594
264.40000000000003	-0.0002478096811821331
264.6	3.322132044995444e-05
264.8	0.0002179965079080303
265.0	-0.00028433598075810183
265.2	0.0001014508280462018
265.40000000000003	0.00017862985590303164
265.6	-0.0003146856146171707
265.8	0.00018292143258056607
266.0	0.00011308021123399635
266.2	-0.0003249289204222169
266.40000000000003	0.0002678276321382379
266.6	1.9978504010503015e-05
266.8	-0.0003030194442415506
267.0	0.0003418709035896731
267.2	-9.478484059674367e-05
267.40000000000003	-0.00024142592650018026
267.6	0.0003891231471617738
267.8	-0.00021902451140842297
268.0	-0.0001383015765235296
268.2	0.00039366912562556656
268.40000000000003	-0.0003339387527805115
268.6	-7.435322998568713e-07
268.8	0.0003440438854878628
269.0	-0.0004164670921865182
269.2	0.00015319594516565496
269.40000000000003	0.0002391721601199155
269.6	-0.0004458648591829203
269.8	0.0002973826510999954
270.0	9.150188764029406e-05
270.2	-0.00041111176817485925
270.40000000000003	0.00040455119380272697
270.6	-7.491136417844816e-05
270.8	-0.0003155803396960262
271.0	0.00045498621013000617
271.2	-0.00023180208053204804
271.40000000000003	-0.00017544261919913673
271.6	0.00044138837076416446
271.8	-0.00035464484394833444
272.0	-1.3531262974498285e-05
272.2	0.0003677615176876154
272.40000000000003	-0.00042620995663362094
272.6	0.00014562022108649585
272.8	0.0002466320815629655
273.0	-0.00043729243615163135
273.2	0.0002782856313479603
273.40000000000003	9.78151768911033e-05
273.6	-0.00038834898428017776
273.8	0.0003649930692735689
274.0	-5.400609637977164e-05
274.2	-0.00029065470477045884
274.40000000000003	0.0003952388354874018
274.6	-0.0001845183293758422
274.8	-0.00016424116968230488
275.0	0.0003701922477262549
275.2	-0.0002757110915507154
275.40000000000003	-3.2572298378518385e-05
275.6	0.00030173444635614324
275.8	-0.000320208540075735
276.0	8.439979461937833e-05
276.2	0.00020718352693314834
276.40000000000003	-0.00032062928774807435
276.6	0.0001743493732251989
276.8	0.000103017510201911
277.0	-0.0002849213173888079
277.2	0.00023178936491935194
277.40000000000003	2.405494280750986e-06
277.6	-0.0002228147133017598
277.8	0.00025557999504001124
278.0	-8.45114078992033e-05
278.2	-0.0001445478241228102
278.40000000000003	0.0002477690941478619
278.6	-0.00015043782590679435
278.8	-6.029567757085748e-05
279.0	0.00021300924241934489
279.2	-0.0001911195324810387
279.40000000000003	2.0782703344007556e-05
279.6	0.00015768493932285092
279.8	-0.00020518747651664614
280.0	9.123692935936371e-05
280.2	8.871639106617716e-05
280.40000000000003	-0.0001933177533249498
280.6	0.00014546159737164526
280.8	1.2579805492562693e-05
281.0	-0.00015689267755687907
281.2	0.00017856633648902952
281.40000000000003	-6.421395069418404e-05
281.6	-9.768308925204512e-05
281.8	0.0001852196926855789
282.0	-0.00013335354005940243
282.2	-1.9512142853374806e-05
282.40000000000003	0.00016040659027546054
282.6	-0.0001840493336478923
282.8	6.974457248942182e-05
283.0	0.00010168127388552505
283.2	-0.00020400986492773352
283.40000000000003	0.0001568434853846862
283.6	1.2415734309220975e-05
283.8	-0.00018265250496774261
284.0	0.00022398608947066644
284.2	-9.567943405136247e-05
284.40000000000003	-0.00011579925507318952
284.6	0.0002529620360909736
284.8	-0.0002033348896496395
285.0	-8.986232016098938e-06
285.2	0.00023036757264270353
285.40000000000003	-0.00028737287387789814
285.6	0.00012214906264096942
285.8	0.00015185025407258123
286.0	-0.0003257681326246899
286.2	0.0002540536413331152
286.40000000000003	2.4259902283810437e-05
286.6	-0.0003025081664255088
286.8	0.0003592094927916245
287.0	-0.00013428935314058982
287.2	-0.00021155982541613838
287.40000000000003	0.00041072974487368083
287.6	-0.0002959649619855623
287.8	-5.978329334619066e-05
288.0	0.0003876103166460254
288.2	-0.0004262561142979804
288.40000000000003	0.000130591169010058
288.6	0.00028172138652239907
288.8	-0.0004907123710825835
289.0	0.00032321627586244793
289.2	0.00010405907739103999
289.40000000000003	-0.0004654970147685683
289.6	0.00047568868309169447
289.8	-0.0001152926992847935
290.0	-0.00034553934880443646
290.2	0.0005505302845209457
290.40000000000003	-0.0003335634481035979
290.6	-0.00014706995619602026
290.8	0.0005246986707044243
291.0	-0.0005049674835857498
291.2	9.544175478786431e-05
291.40000000000003	0.00039511854945027377
291.6	-0.0005905080603322711
291.8	0.000336019135500442
292.0	0.0001797515231148902
292.2	-0.0005656170862384803
292.40000000000003	0.00052517853208404
292.6	-8.420975226082975e-05
292.8	-0.0004261491627701351
293.0	0.0006189223149001274
293.2	-0.00034483215100783107
293.40000000000003	-0.00019286498726198194
293.6	0.0005899535873172468
293.8	-0.0005454986325590792
294.0	8.955099877195256e-05
294.2	0.0004375680258511446
294.40000000000003	-0.0006396881155873828
294.6	0.000362426007031767
294.8	0.00018938250393661586
295.0	-0.0006032547979055636
295.2	0.0005673002033053305
295.40000000000003	-0.00010501141727695302
295.6	-0.0004399233341149037
295.8	0.000659081716595977
296.0	-0.0003851855123792032
296.2	-0.000180404552550461
296.40000000000003	0.000615560237141987
296.6	-0.0005922619651294406
296.8	0.000123829969092012
297.0	0.00044183697190676696
297.2	-0.0006805547261233223
297.40000000000003	0.00041004568139700007
297.6	0.0001707348619003189
297.8	-0.0006277795954990933
298.0	0.0006165289574936856
298.2	-0.00014201509485138784
298.40000000000003	-0.00044209044920352623
298.6	0.0006972198365924455
298.8	-0.00042970375736104907
299.0	-0.00016177742996058934
299.2	0.0006337295805669552
299.40000000000003	-0.0006308476119262316
299.6	0.0001540520321476606
299.8	0.0004391072812592706
300.0	0.0
300.2	0.0
300.40000000000003	0.0
300.6	0.0
300.8	0.0
301.0	0.0
301.2	0.0
301.40000000000003	0.0
301.6	0.0
301.8	0.0
302.0	0.0
302.2	0.0
302.40000000000003	0.0
302.6	0.0
302.8	0.0
303.0	0.0
303.2	0.0
303.40000000000003	0.0
303.6	0.0
303.8	0.0
304.0	0.0
304.2	0.0
304.40000000000003	0.0
304.6	0.0
304.8	0.0
305.0	0.0
305.2	0.0
305.40000000000003	0.0
305.6	0.0
305.8	0.0
306.0	0.0
306.2	0.0
306.40000000000003	0.0
306.6	0.0
306.8	0.0
307.0	0.0
307.20000000000005	0.0
307.40000000000003	0.0
307.6	0.0
307.8	0.0
308.0	0.0
308.20000000000005	0.0
308.40000000000003	0.0
308.6	0.0
308.8	0.0
309.0	0.0
309.20000000000005	0.0
309.40000000000003	0.0
309.6	0.0
309.8	0.0
310.0	0.0
310.20000000000005	0.0
310.40000000000003	0.0
310.6	0.0
310.8	0.0
311.0	0.0
311.20000000000005	0.0
311.40000000000003	0.0
311.6	0.0
311.8	0.0
312.0	0.0
312.20000000000005	0.0
312.40000000000003	0.0
312.6	0.0
312.8	0.0
313.0	0.0
313.20000000000005	0.0
313.40000000000003	0.0
313.6	0.0
313.8	0.0
314.0	0.0
314.20000000000005	0.0
314.40000000000003	0.0
314.6	0.0
314.8	0.0
315.0	0.0
315.20000000000005	0.0
315.40000000000003	0.0
315.6	0.0
315.8	0.0
316.0	0.0
316.20000000000005	0.0
316.40000000000003	0.0
316.6	0.0
316.8	0.0
317.0	0.0
317.20000000000005	0.0
317.40000000000003	0.0
317.6	0.0
317.8	0.0
318.0	0.0
318.20000000000005	0.0
318.40000000000003	0.0
318.6	0.0
318.8	0.0
319.0	0.0
319.20000000000005	0.0
319.40000000000003	0.0
319.6	0.0
319.8	0.0
320.0	0.0
320.20000000000005	0.0
320.40000000000003	0.0
320.6	0.0
320.8	0.0
321.0	0.0
321.20000000000005	0.0
321.40000000000003	0.0
321.6	0.0
321.8	0.0
322.0	0.0
322.20000000000005	0.0
322.40000000000003	0.0
322.6	0.0
322.8	0.0
323.0	0.0
323.20000000000005	0.0
323.40000000000003	0.0
323.6	0.0
323.8	0.0
324.0	0.0
324.20000000000005	0.0
324.40000000000003	0.0
324.6	0.0
324.8	0.0
325.0	0.0
325.20000000000005	0.0
325.40000000000003	0.0
325.6	0.0
325.8	0.0
326.0	0.0
326.20000000000005	0.0
326.40000000000003	0.0
326.6	0.0
326.8	0.0
327.0	0.0
327.20000000000005	0.0
327.40000000000003	0.0
327.6	0.0
327.8	0.0
328.0	0.0
328.20000000000005	0.0
328.40000000000003	0.0
328.6	0.0
328.8	0.0
329.0	0.0
329.20000000000005	0.0
329.40000000000003	0.0
329.6	0.0
329.8	0.0
330.0	0.0
330.20000000000005	0.0
330.40000000000003	0.0
330.6	0.0
330.8	0.0
331.0	0.0
331.20000000000005	0.0
331.40000000000003	0.0
331.6	0.0
331.8	0.0
332.0	0.0
332.20000000000005	0.0
332.40000000000003	0.0
332.6	0.0
332.8	0.0
333.0	0.0
333.20000000000005	0.0
333.40000000000003	0.0
333.6	0.0
333.8	0.0
334.0	0.0
334.20000000000005	0.0
334.40000000000003	0.0
334.6	0.0
334.8	0.0
335.0	0.0
335.20000000000005	0.0
335.40000000000003	0.0
335.6	0.0
335.8	0.0
336.0	0.0
336.20000000000005	0.0
336.40000000000003	0.0
336.6	0.0
336.8	0.0
337.0	0.0
337.20000000000005	0.0
337.40000000000003	0.0
337.6	0.0
337.8	0.0
338.0	0.0
338.20000000000005	0.0
338.40000000000003	0.0
338.6	0.0
338.8	0.0
339.0	0.0
339.20000000000005	0.0
339.40000000000003	0.0
339.6	0.0
339.8	0.0
340.0	0.0
340.20000000000005	0.0
340.40000000000003	0.0
340.6	0.0
340.8	0.0
341.0	0.0
341.20000000000005	0.0
341.40000000000003	0.0
341.6	0.0
341.8	0.0
342.0	0.0
342.20000000000005	0.0
342.40000000000003	0.0
342.6	0.0
342.8	0.0
343.0	0.0
343.20000000000005	0.0
343.40000000000003	0.0
343.6	0.0
343.8	0.0
344.0	0.0
344.20000000000005	0.0
344.40000000000003	0.0
344.6	0.0
344.8	0.0
345.0	0.0
345.20000000000005	0.0
345.40000000000003	0.0
345.6	0.0
345.8	0.0
346.0	0.0
346.20000000000005	0.0
346.40000000000003	0.0
346.6	0.0
346.8	0.0
347.0	0.0
347.20000000000005	0.0
347.40000000000003	0.0
347.6	0.0
347.8	0.0
348.0	0.0
348.20000000000005	0.0
348.40000000000003	0.0
348.6	0.0
348.8	0.0
349.0	0.0
349.20000000000005	0.0
349.40000000000003	0.0
349.6	0.0
349.8	0.0
350.0	0.0
350.20000000000005	0.0
350.40000000000003	0.0
350.6	0.0
350.8	0.0
351.0	0.0
351.20000000000005	0.0
351.40000000000003	0.0
351.6	0.0
351.8	0.0
352.0	0.0
352.20000000000005	0.0
352.40000000000003	0.0
352.6	0.0
352.8	0.0
353.0	0.0
353.20000000000005	0.0
353.40000000000003	0.0
353.6	0.0
353.8	0.0
354.0	0.0
354.20000000000005	0.0
354.40000000000003	0.0
354.6	0.0
354.8	0.0
355.0	0.0
355.20000000000005	0.0
355.40000000000003	0.0
355.6	0.0
355.8	0.0
356.0	0.0
356.20000000000005	0.0
356.40000000000003	0.0
356.6	0.0
356.8	0.0
357.0	0.0
357.20000000000005	0.0
357.40000000000003	0.0
357.6	0.0
357.8	0.0
358.0	0.0
358.20000000000005	0.0
358.40000000000003	0.0
358.6	0.0
358.8	0.0
359.0	0.0
359.20000000000005	0.0
359.40000000000003	0.0
359.6	0.0
359.8	0.0
360.0	0.0
360.20000000000005	0.0
360.40000000000003	0.0
360.6	0.0
360.8	0.0
361.0	0.0
361.20000000000005	0.0
361.40000000000003	0.0
361.6	0.0
361.8	0.0
362.0	0.0
362.20000000000005	0.0
362.40000000000003	0.0
362.6	0.0
362.8	0.0
363.0	0.0
363.20000000000005	0.0
363.40000000000003	0.0
363.6	0.0
363.8	0.0
364.0	0.0
364.20000000000005	0.0
364.40000000000003	0.0
364.6	0.0
364.8	0.0
365.0	0.0
365.20000000000005	0.0
365.40000000000003	0.0
365.6	0.0
365.8	0.0
366.0	0.0
366.20000000000005	0.0
366.40000000000003	0.0
366.6	0.0
366.8	0.0
367.0	0.0
367.20000000000005	0.0
367.40000000000003	0.0
367.6	0.0
367.8	0.0
368.0	0.0
368.20000000000005	0.0
368.40000000000003	0.0
368.6	0.0
368.8	0.0
369.0	0.0
369.20000000000005	0.0
369.40000000000003	0.0
369.6	0.0
369.8	0.0
370.0	0.0
370.20000000000005	0.0
370.40000000000003	0.0
370.6	0.0
370.8	0.0
371.0	0.0
371.20000000000005	0.0
371.40000000000003	0.0
371.6	0.0
371.8	0.0
372.0	0.0
372.20000000000005	0.0
372.40000000000003	0.0
372.6	0.0
372.8	0.0
373.0	0.0
373.20000000000005	0.0
373.40000000000003	0.0
373.6	0.0
373.8	0.0
374.0	0.0
374.20000000000005	0.0
374.40000000000003	0.0
374.6	0.0
374.8	0.0
375.0	0.0
375.20000000000005	0.0
375.40000000000003	0.0
375.6	0.0
375.8	0.0
376.0	0.0
376.20000000000005	0.0
376.40000000000003	0.0
376.6	0.0
376.8	0.0
377.0	0.0
377.20000000000005	0.0
377.40000000000003	0.0
377.6	0.0
377.8	0.0
378.0	0.0
378.20000000000005	0.0
378.40000000000003	0.0
378.6	0.0
378.8	0.0
379.0	0.0
379.20000000000005	0.0
379.40000000000003	0.0
379.6	0.0
379.8	0.0
380.0	0.0
380.20000000000005	0.0
380.40000000000003	0.0
380.6	0.0
380.8	0.0
381.0	0.0
381.20000000000005	0.0
381.40000000000003	0.0
381.6	0.0
381.8	0.0
382.0	0.0
382.20000000000005	0.0
382.40000000000003	0.0
382.6	0.0
382.8	0.0
383.0	0.0
383.20000000000005	0.0
383.40000000000003	0.0
383.6	0.0
383.8	0.0
384.0	0.0
384.20000000000005	0.0
384.40000000000003	0.0
384.6	0.0
384.8	0.0
385.0	0.0
385.20000000000005	0.0
385.40000000000003	0.0
385.6	0.0
385.8	0.0
386.0	0.0
386.20000000000005	0.0
386.40000000000003	0.0
386.6	0.0
386.8	0.0
387.0	0.0
387.20000000000005	0.0
387.40000000000003	0.0
387.6	0.0
387.8	0.0
388.0	0.0
388.20000000000005	0.0
388.40000000000003	0.0
388.6	0.0
388.8	0.0
389.0	0.0
389.20000000000005	0.0
389.40000000000003	0.0
389.6	0.0
389.8	0.0
390.0	0.0
390.20000000000005	0.0
390.40000000000003	0.0
390.6	0.0
390.8	0.0
391.0	0.0
391.20000000000005	0.0
391.40000000000003	0.0
391.6	0.0
391.8	0.0
392.0	0.0
392.20000000000005	0.0
392.40000000000003	0.0
392.6	0.0
392.8	0.0
393.0	0.0
393.20000000000005	0.0
393.40000000000003	0.0
393.6	0.0
393.8	0.0
394.0	0.0
394.20000000000005	0.0
394.40000000000003	0.0
394.6	0.0
394.8	0.0
395.0	0.0
395.20000000000005	0.0
395.40000000000003	0.0
395.6	0.0
395.8	0.0
396.0	0.0
396.20000000000005	0.0
396.40000000000003	0.0
396.6	0.0
396.8	0.0
397.0	0.0
397.20000000000005	0.0
397.40000000000003	0.0
397.6	0.0
397.8	0.0
398.0	0.0
398.20000000000005	0.0
398.40000000000003	0.0
398.6	0.0
398.8	0.0
399.0	0.0
399.20000000000005	0.0
399.40000000000003	0.0
399.6	0.0
399.8	0.0
400.0	0.0
400.20000000000005	0.0
400.40000000000003	0.0
400.6	0.0
400.8	0.0
401.0	0.0
401.20000000000005	0.0
401.40000000000003	0.0
401.6	0.0
401.8	0.0
402.0	0.0
402.20000000000005	0.0
402.40000000000003	0.0
402.6	0.0
402.8	0.0
403.0	0.0
403.20000000000005	0.0
403.40000000000003	0.0
403.6	0.0
403.8	0.0
404.0	0.0
404.20000000000005	0.0
404.40000000000003	0.0
404.6	0.0
404.8	0.0
405.0	0.0
405.20000000000005	0.0
405.40000000000003	0.0
405.6	0.0
405.8	0.0
406.0	0.0
406.20000000000005	0.0
406.40000000000003	0.0
406.6	0.0
406.8	0.0
407.0	0.0
407.20000000000005	0.0
407.40000000000003	0.0
407.6	0.0
407.8	0.0
408.0	0.0
408.20000000000005	0.0
408.40000000000003	0.0
408.6	0.0
408.8	0.0
409.0	0.0
409.20000000000005	0.0
409.40000000000003	0.0
409.6	0.0
409.8	0.0
410.0	0.0
410.20000000000005	0.0
410.40000000000003	0.0
410.6	0.0
410.8	0.0
411.0	0.0
411.20000000000005	0.0
411.40000000000003	0.0
411.6	0.0
411.8	0.0
412.0	0.0
412.20000000000005	0.0
412.40000000000003	0.0
412.6	0.0
412.8	0.0
413.0	0.0
413.20000000000005	0.0
413.40000000000003	0.0
413.6	0.0
413.8	0.0
414.0	0.0
414.20000000000005	0.0
414.40000000000003	0.0
414.6	0.0
414.8	0.0
415.0	0.0
415.20000000000005	0.0
415.40000000000003	0.0
415.6	0.0
415.8	0.0
416.0	0.0
416.20000000000005	0.0
416.40000000000003	0.0
416.6	0.0
416.8	0.0
417.0	0.0
417.20000000000005	0.0
417.40000000000003	0.0
417.6	0.0
417.8	0.0
418.0	0.0
418.20000000000005	0.0
418.40000000000003	0.0
418.6	0.0
418.8	0.0
419.0	0.0
419.20000000000005	0.0
419.40000000000003	0.0
419.6	0.0
419.8	0.0
420.0	0.0
420.20000000000005	0.0
420.40000000000003	0.0
420.6	0.0
420.8	0.0
421.0	0.0
421.20000000000005	0.0
421.40000000000003	0.0
421.6	0.0
421.8	0.0
422.0	0.0
422.20000000000005	0.0
422.40000000000003	0.0
422.6	0.0
422.8	0.0
423.0	0.0
423.20000000000005	0.0
423.40000000000003	0.0
423.6	0.0
423.8	0.0
424.0	0.0
424.20000000000005	0.0
424.40000000000003	0.0
424.6	0.0
424.8	0.0
425.0	0.0
425.20000000000005	0.0
425.40000000000003	0.0
425.6	0.0
425.8	0.0
426.0	0.0
426.20000000000005	0.0
426.40000000000003	0.0
426.6	0.0
426.8	0.0
427.0	0.0
427.20000000000005	0.0
427.40000000000003	0.0
427.6	0.0
427.8	0.0
428.0	0.0
428.20000000000005	0.0
428.40000000000003	0.0
428.6	0.0
428.8	0.0
429.0	0.0
429.20000000000005	0.0
429.40000000000003	0.0
429.6	0.0
429.8	0.0
430.0	0.0
430.20000000000005	0.0
430.40000000000003	0.0
430.6	0.0
430.8	0.0
431.0	0.0
431.20000000000005	0.0
431.40000000000003	0.0
431.6	0.0
431.8	0.0
432.0	0.0
432.20000000000005	0.0
432.40000000000003	0.0
432.6	0.0
432.8	0.0
433.0	0.0
433.20000000000005	0.0
433.40000000000003	0.0
433.6	0.0
433.8	0.0
434.0	0.0
434.20000000000005	0.0
434.40000000000003	0.0
434.6	0.0
434.8	0.0
435.0	0.0
435.20000000000005	0.0
435.40000000000003	0.0
435.6	0.0
435.8	0.0
436.0	0.0
436.20000000000005	0.0
436.40000000000003	0.0
436.6	0.0
436.8	0.0
437.0	0.0
437.20000000000005	0.0
437.40000000000003	0.0
437.6	0.0
437.8	0.0
438.0	0.0
438.20000000000005	0.0
438.40000000000003	0.0
438.6	0.0
438.8	0.0
439.0	0.0
439.20000000000005	0.0
439.40000000000003	0.0
439.6	0.0
439.8	0.0
440.0	0.0
440.20000000000005	0.0
440.40000000000003	0.0
440.6	0.0
440.8	0.0
441.0	0.0
441.20000000000005	0.0
441.40000000000003	0.0
441.6	0.0
441.8	0.0
442.0	0.0
442.20000000000005	0.0
442.40000000000003	0.0
442.6	0.0
442.8	0.0
443.0	0.0
443.20000000000005	0.0
443.40000000000003	0.0
443.6	0.0
443.8	0.0
444.0	0.0
444.20000000000005	0.0
444.40000000000003	0.0
444.6	0.0
444.8	0.0
445.0	0.0
445.20000000000005	0.0
445.40000000000003	0.0
445.6	0.0
445.8	0.0
446.0	0.0
446.20000000000005	0.0
446.40000000000003	0.0
446.6	0.0
446.8	0.0
447.0	0.0
447.20000000000005	0.0
447.40000000000003	0.0
447.6	0.0
447.8	0.0
448.0	0.0
448.20000000000005	0.0
448.40000000000003	0.0
448.6	0.0
448.8	0.0
449.0	0.0
449.20000000000005	0.0
449.40000000000003	0.0
449.6	0.0
449.8	0.0
450.0	0.0
450.20000000000005	0.0
450.40000000000003	0.0
450.6	0.0
450.8	0.0
451.0	0.0
451.20000000000005	0.0
451.40000000000003	0.0
451.6	0.0
451.8	0.0
452.0	0.0
452.20000000000005	0.0
452.40000000000003	0.0
452.6	0.0
452.8	0.0
453.0	0.0
453.20000000000005	0.0
453.40000000000003	0.0
453.6	0.0
453.8	0.0
454.0	0.0
454.20000000000005	0.0
454.40000000000003	0.0
454.6	0.0
454.8	0.0
455.0	0.0
455.20000000000005	0.0
455.40000000000003	0.0
455.6	0.0
455.8	0.0
456.0	0.0
456.20000000000005	0.0
456.40000000000003	0.0
456.6	0.0
456.8	0.0
457.0	0.0
457.20000000000005	0.0
457.40000000000003	0.0
457.6	0.0
457.8	0.0
458.0	0.0
458.20000000000005	0.0
458.40000000000003	0.0
458.6	0.0
458.8	0.0
459.0	0.0
459.20000000000005	0.0
459.40000000000003	0.0
459.6	0.0
459.8	0.0
460.0	0.0
460.20000000000005	0.0
460.40000000000003	0.0
460.6	0.0
460.8	0.0
461.0	0.0
461.20000000000005	0.0
461.40000000000003	0.0
461.6	0.0
461.8	0.0
462.0	0.0
462.20000000000005	0.0
462.40000000000003	0.0
462.6	0.0
462.8	0.0
463.0	0.0
463.20000000000005	0.0
463.40000000000003	0.0
463.6	0.0
463.8	0.0
464.0	0.0
464.20000000000005	0.0
464.40000000000003	0.0
464.6	0.0
464.8	0.0
465.0	0.0
465.20000000000005	0.0
465.40000000000003	0.0
465.6	0.0
465.8	0.0
466.0	0.0
466.20000000000005	0.0
466.40000000000003	0.0
466.6	0.0
466.8	0.0
467.0	0.0
467.20000000000005	0.0
467.40000000000003	0.0
467.6	0.0
467.8	0.0
468.0	0.0
468.20000000000005	0.0
468.40000000000003	0.0
468.6	0.0
468.8	0.0
469.0	0.0
469.20000000000005	0.0
469.40000000000003	0.0
469.6	0.0
469.8	0.0
470.0	0.0
470.20000000000005	0.0
470.40000000000003	0.0
470.6	0.0
470.8	0.0
471.0	0.0
471.20000000000005	0.0
471.40000000000003	0.0
471.6	0.0
471.8	0.0
472.0	0.0
472.20000000000005	0.0
472.40000000000003	0.0
472.6	0.0
472.8	0.0
473.0	0.0
473.20000000000005	0.0
473.40000000000003	0.0
473.6	0.0
473.8	0.0
474.0	0.0
474.20000000000005	0.0
474.40000000000003	0.0
474.6	0.0
474.8	0.0
475.0	0.0
475.20000000000005	0.0
475.40000000000003	0.0
475.6	0.0
475.8	0.0
476.0	0.0
476.20000000000005	0.0
476.40000000000003	0.0
476.6	0.0
476.8	0.0
477.0	0.0
477.20000000000005	0.0
477.40000000000003	0.0
477.6	0.0
477.8	0.0
478.0	0.0
478.20000000000005	0.0
478.40000000000003	0.0
478.6	0.0
478.8	0.0
479.0	0.0
479.20000000000005	0.0
479.40000000000003	0.0
479.6	0.0
479.8	0.0
480.0	0.0
480.20000000000005	0.0
480.40000000000003	0.0
480.6	0.0
480.8	0.0
481.0	0.0
481.20000000000005	0.0
481.40000000000003	0.0
481.6	0.0
481.8	0.0
482.0	0.0
482.20000000000005	0.0
482.40000000000003	0.0
482.6	0.0
482.8	0.0
483.0	0.0
483.20000000000005	0.0
483.40000000000003	0.0
483.6	0.0
483.8	0.0
484.0	0.0
484.20000000000005	0.0
484.40000000000003	0.0
484.6	0.0
484.8	0.0
485.0	0.0
485.20000000000005	0.0
485.40000000000003	0.0
485.6	0.0
485.8	0.0
486.0	0.0
486.20000000000005	0.0
486.40000000000003	0.0
486.6	0.0
486.8	0.0
487.0	0.0
487.20000000000005	0.0
487.40000000000003	0.0
487.6	0.0
487.8	0.0
488.0	0.0
488.20000000000005	0.0
488.40000000000003	0.0
488.6	0.0
488.8	0.0
489.0	0.0
489.20000000000005	0.0
489.40000000000003	0.0
489.6	0.0
489.8	0.0
490.0	0.0
490.20000000000005	0.0
490.40000000000003	0.0
490.6	0.0
490.8	0.0
491.0	0.0
491.20000000000005	0.0
491.40000000000003	0.0
491.6	0.0
491.8	0.0
492.0	0.0
492.20000000000005	0.0
492.40000000000003	0.0
492.6	0.0
492.8	0.0
493.0	0.0
493.20000000000005	0.0
493.40000000000003	0.0
493.6	0.0
493.8	0.0
494.0	0.0
494.20000000000005	0.0
494.40000000000003	0.0
494.6	0.0
494.8	0.0
495.0	0.0
495.20000000000005	0.0
495.40000000000003	0.0
495.6	0.0
495.8	0.0
496.0	0.0
496.20000000000005	0.0
496.40000000000003	0.0
496.6	0.0
496.8	0.0
497.0	0.0
497.20000000000005	0.0
497.40000000000003	0.0
497.6	0.0
497.8	0.0
498.0	0.0
498.20000000000005	0.0
498.40000000000003	0.0
498.6	0.0
498.8	0.0
499.0	0.0
499.20000000000005	0.0
499.40000000000003	0.0
499.6	0.0
499.8	0.0
500.0	0.0
500.20000000000005	0.0
500.40000000000003	0.0
500.6	0.0
500.8	0.0
501.0	0.0
501.20000000000005	0.0
501.40000000000003	0.0
501.6	0.0
501.8	0.0
502.0	0.0
502.20000000000005	0.0
502.40000000000003	0.0
502.6	0.0
502.8	0.0
503.0	0.0
503.20000000000005	0.0
503.40000000000003	0.0
503.6	0.0
503.8	0.0
504.0	0.0
504.20000000000005	0.0
504.40000000000003	0.0
504.6	0.0
504.8	0.0
505.0	0.0
505.20000000000005	0.0
505.40000000000003	0.0
505.6	0.0
505.8	0.0
506.0	0.0
506.20000000000005	0.0
506.40000000000003	0.0
506.6	0.0
506.8	0.0
507.0	0.0
507.20000000000005	0.0
507.40000000000003	0.0
507.6	0.0
507.8	0.0
508.0	0.0
508.20000000000005	0.0
508.40000000000003	0.0
508.6	0.0
508.8	0.0
509.0	0.0
509.20000000000005	0.0
509.40000000000003	0.0
509.6	0.0
509.8	0.0
510.0	0.0
510.20000000000005	0.0
510.40000000000003	0.0
510.6	0.0
510.8	0.0
511.0	0.0
511.20000000000005	0.0
511.40000000000003	0.0
511.6	0.0
511.8	0.0
512.0	0.0
512.2	0.0
512.4	0.0
512.6	0.0
512.8000000000001	0.0
513.0	0.0
513.2	0.0
513.4	0.0
513.6	0.0
513.8000000000001	0.0
514.0	0.0
514.2	0.0
514.4	0.0
514.6	0.0
514.8000000000001	0.0
515.0	0.0
515.2	0.0
515.4	0.0
515.6	0.0
515.8000000000001	0.0
516.0	0.0
516.2	0.0
516.4	0.0
516.6	0.0
516.8000000000001	0.0
517.0	0.0
517.2	0.0
517.4	0.0
517.6	0.0
517.8000000000001	0.0
518.0	0.0
518.2	0.0
518.4	0.0
518.6	0.0
518.8000000000001	0.0
519.0	0.0
519.2	0.0
519.4	0.0
519.6	0.0
519.8000000000001	0.0
520.0	0.0
520.2	0.0
520.4	0.0
520.6	0.0
520.8000000000001	0.0
521.0	0.0
521.2	0.0
521.4	0.0
521.6	0.0
521.8000000000001	0.0
522.0	0.0
522.2	0.0
522.4	0.0
522.6	0.0
522.8000000000001	0.0
523.0	0.0
523.2	0.0
523.4	0.0
523.6	0.0
523.8000000000001	0.0
524.0	0.0
524.2	0.0
524.4	0.0
524.6	0.0
524.8000000000001	0.0
525.0	0.0
525.2	0.0
525.4	0.0
525.6	0.0
525.8000000000001	0.0
526.0	0.0
526.2	0.0
526.4	0.0
526.6	0.0
526.8000000000001	0.0
527.0	0.0
527.2	0.0
527.4	0.0
527.6	0.0
527.8000000000001	0.0
528.0	0.0
528.2	0.0
528.4	0.0
528.6	0.0
528.8000000000001	0.0
529.0	0.0
529.2	0.0
529.4	0.0
529.6	0.0
529.8000000000001	0.0
530.0	0.0
530.2	0.0
530.4	0.0
530.6	0.0
530.8000000000001	0.0
531.0	0.0
531.2	0.0
531.4	0.0
531.6	0.0
531.8000000000001	0.0
532.0	0.0
532.2	0.0
532.4	0.0
532.6	0.0
532.8000000000001	0.0
533.0	0.0
533.2	0.0
533.4	0.0
533.6	0.0
533.8000000000001	0.0
534.0	0.0
534.2	0.0
534.4	0.0
534.6	0.0
534.8000000000001	0.0
535.0	0.0
535.2	0.0
535.4	0.0
535.6	0.0
535.8000000000001	0.0
536.0	0.0
536.2	0.0
536.4	0.0
536.6	0.0
536.8000000000001	0.0
537.0	0.0
537.2	0.0
537.4	0.0
537.6	0.0
537.8000000000001	0.0
538.0	0.0
538.2	0.0
538.4	0.0
538.6	0.0
538.8000000000001	0.0
539.0	0.0
539.2	0.0
539.4	0.0
539.6	0.0
539.8000000000001	0.0
540.0	0.0
540.2	0.0
540.4	0.0
540.6	0.0
540.8000000000001	0.0
541.0	0.0
541.2	0.0
541.4	0.0
541.6	0.0
541.8000000000001	0.0
542.0	0.0
542.2	0.0
542.4	0.0
542.6	0.0
542.8000000000001	0.0
543.0	0.0
543.2	0.0
543.4	0.0
543.6	0.0
543.8000000000001	0.0
544.0	0.0
544.2	0.0
544.4	0.0
544.6	0.0
544.8000000000001	0.0
545.0	0.0
545.2	0.0
545.4	0.0
545.6	0.0
545.8000000000001	0.0
546.0	0.0
546.2	0.0
546.4	0.0
546.6	0.0
546.8000000000001	0.0
547.0	0.0
547.2	0.0
547.4	0.0
547.6	0.0
547.8000000000001	0.0
548.0	0.0
548.2	0.0
548.4	0.0
548.6	0.0
548.8000000000001	0.0
549.0	0.0
549.2	0.0
549.4	0.0
549.6	0.0
549.8000000000001	0.0
550.0	0.0
550.2	0.0
550.4	0.0
550.6	0.0
550.8000000000001	0.0
551.0	0.0
551.2	0.0
551.4	0.0
551.6	0.0
551.8000000000001	0.0
552.0	0.0
552.2	0.0
552.4	0.0
552.6	0.0
552.8000000000001	0.0
553.0	0.0
553.2	0.0
553.4	0.0
553.6	0.0
553.8000000000001	0.0
554.0	0.0
554.2	0.0
554.4	0.0
554.6	0.0
554.8000000000001	0.0
555.0	0.0
555.2	0.0
555.4	0.0
555.6	0.0
555.8000000000001	0.0
556.0	0.0
556.2	0.0
556.4	0.0
556.6	0.0
556.8000000000001	0.0
557.0	0.0
557.2	0.0
557.4	0.0
557.6	0.0
557.8000000000001	0.0
558.0	0.0
558.2	0.0
558.4	0.0
558.6	0.0
558.8000000000001	0.0
559.0	0.0
559.2	0.0
559.4	0.0
559.6	0.0
559.8000000000001	0.0
560.0	0.0
560.2	0.0
560.4	0.0
560.6	0.0
560.8000000000001	0.0
561.0	0.0
561.2	0.0
561.4	0.0
561.6	0.0
561.8000000000001	0.0
562.0	0.0
562.2	0.0
562.4	0.0
562.6	0.0
562.8000000000001	0.0
563.0	0.0
563.2	0.0
563.4	0.0
563.6	0.0
563.8000000000001	0.0
564.0	0.0
564.2	0.0
564.4	0.0
564.6	0.0
564.8000000000001	0.0
565.0	0.0
565.2	0.0
565.4	0.0
565.6	0.0
565.8000000000001	0.0
566.0	0.0
566.2	0.0
566.4	0.0
566.6	0.0
566.8000000000001	0.0
567.0	0.0
567.2	0.0
567.4	0.0
567.6	0.0
567.8000000000001	0.0
568.0	0.0
568.2	0.0
568.4	0.0
568.6	0.0
568.8000000000001	0.0
569.0	0.0
569.2	0.0
569.4	0.0
569.6	0.0
569.8000000000001	0.0
570.0	0.0
570.2	0.0
570.4	0.0
570.6	0.0
570.8000000000001	0.0
571.0	0.0
571.2	0.0
571.4	0.0
571.6	0.0
571.8000000000001	0.0
572.0	0.0
572.2	0.0
572.4	0.0
572.6	0.0
572.8000000000001	0.0
573.0	0.0
573.2	0.0
573.4	0.0
573.6	0.0
573.8000000000001	0.0
574.0	0.0
574.2	0.0
574.4	0.0
574.6	0.0
574.8000000000001	0.0
575.0	0.0
575.2	0.0
575.4	0.0
575.6	0.0
575.8000000000001	0.0
576.0	0.0
576.2	0.0
576.4	0.0
576.6	0.0
576.8000000000001	0.0
577.0	0.0
577.2	0.0
577.4	0.0
577.6	0.0
577.8000000000001	0.0
578.0	0.0
578.2	0.0
578.4	0.0
578.6	0.0
578.8000000000001	0.0
579.0	0.0
579.2	0.0
579.4	0.0
579.6	0.0
579.8000000000001	0.0
580.0	0.0
580.2	0.0
580.4	0.0
580.6	0.0
580.8000000000001	0.0
581.0	0.0
581.2	0.0
581.4	0.0
581.6	0.0
581.8000000000001	0.0
582.0	0.0
582.2	0.0
582.4	0.0
582.6	0.0
582.8000000000001	0.0
583.0	0.0
583.2	0.0
583.4	0.0
583.6	0.0
583.8000000000001	0.0
584.0	0.0
584.2	0.0
584.4	0.0
584.6	0.0
584.8000000000001	0.0
585.0	0.0
585.2	0.0
585.4	0.0
585.6	0.0
585.8000000000001	0.0
586.0	0.0
586.2	0.0
586.4	0.0
586.6	0.0
586.8000000000001	0.0
587.0	0.0
587.2	0.0
587.4	0.0
587.6	0.0
587.8000000000001	0.0
588.0	0.0
588.2	0.0
588.4	0.0
588.6	0.0
588.8000000000001	0.0
589.0	0.0
589.2	0.0
589.4	0.0
589.6	0.0
589.8000000000001	0.0
590.0	0.0
590.2	0.0
590.4	0.0
590.6	0.0
590.8000000000001	0.0
591.0	0.0
591.2	0.0
591.4	0.0
591.6	0.0
591.8000000000001	0.0
592.0	0.0
592.2	0.0
592.4	0.0
592.6	0.0
592.8000000000001	0.0
593.0	0.0
593.2	0.0
593.4	0.0
593.6	0.0
593.8000000000001	0.0
594.0	0.0
594.2	0.0
594.4	0.0
594.6	0.0
594.8000000000001	0.0
595.0	0.0
595.2	0.0
595.4	0.0
595.6	0.0
595.8000000000001	0.0
596.0	0.0
596.2	0.0
596.4	0.0
596.6	0.0
596.8000000000001	0.0
597.0	0.0
597.2	0.0
597.4	0.0
597.6	0.0
597.8000000000001	0.0
598.0	0.0
598.2	0.0
598.4	0.0
598.6	0.0
598.8000000000001	0.0
599.0	0.0
599.2	0.0
599.4	0.0
599.6	0.0
599.8000000000001	0.0
