0.0	1.4230000000000003
0.05	1.4495627748619961
0.1	1.4747088935968866
0.15000000000000002	1.4505625492191758
0.2	1.4250576264961659
0.25	1.4331652935427674
0.30000000000000004	1.4396761927250776
0.35000000000000003	1.4054954338050052
0.4	1.3647211619159922
0.45	1.3386346223460337
0.5	1.3239917651134827
0.55	1.3296006052508076
0.6000000000000001	1.340617717741638
0.65	1.3347780685615074
0.7000000000000001	1.3402816540558826
0.75	1.3849324316526208
0.8	1.438475666259279
0.8500000000000001	1.498405024337682
0.9	1.5173644753241722
0.9500000000000001	1.3702675476978932
1.0	1.232246758149726
1.05	1.299761729503093
1.1	1.3802681839047408
1.1500000000000001	1.3897826411053127
1.2000000000000002	1.3960000000000004
1.25	1.3961948174481957
1.3	1.3877060893694606
1.35	1.373778747224106
1.4000000000000001	1.3576577224724435
1.4500000000000002	1.342587946574785
1.5	1.3318143509914406
1.55	1.3268133074933581
1.6	1.3235093638530757
1.6500000000000001	1.3217402373847325
1.7000000000000002	1.3213436454024696
1.75	1.3221573052204239
1.8	1.3240189341527373
1.85	1.3267662495135477
1.9000000000000001	1.3302369686169944
1.9500000000000002	1.3342688087772172
2.0	1.3386994873083555
2.0500000000000003	1.3433667215245486
2.1	1.348108228739936
2.15	1.3527617262686567
2.2	1.3571649314248497
2.25	1.3611555615226558
2.3000000000000003	1.364571333876213
2.35	1.3672499657996622
2.4000000000000004	1.3690291746071404
2.45	1.3697466776127896
2.5	1.369240192130747
2.5500000000000003	1.3674144080541342
2.6	1.3644419055919927
2.6500000000000004	1.3605622375323463
2.7	1.356014956663219
2.75	1.351039615772633
2.8000000000000003	1.3458757676486122
2.85	1.3407629650791795
2.9000000000000004	1.3359407608523592
2.95	1.331648707756174
3.0	1.3281263585786471
3.0500000000000003	1.3255561868162824
3.1	1.3238923487995047
3.1500000000000004	1.3230319215672202
3.2	1.3228719821583337
3.25	1.3233096076117503
3.3000000000000003	1.324241874966376
3.35	1.3255658612611156
3.4000000000000004	1.3271786435348754
3.45	1.3289772988265611
3.5	1.3308589041750767
3.5500000000000003	1.3327391479303368
3.6	1.3346081636862865
3.6500000000000004	1.3364746963478795
3.7	1.33834749082007
3.75	1.340235292007811
3.8000000000000003	1.3421468448160567
3.85	1.344090894149759
3.9000000000000004	1.3460761849138743
3.95	1.3481114620133545
4.0	1.3502054703531539
4.05	1.3523563892921875
4.1000000000000005	1.35452013600522
4.15	1.3566420621209767
4.2	1.3586675192681845
4.25	1.3605418590755676
4.3	1.3622104331718536
4.3500000000000005	1.363618593185769
4.4	1.3647116907460377
4.45	1.3654350774813868
4.5	1.365734105020542
4.55	1.3655942778316825
4.6000000000000005	1.3651617117408017
4.65	1.3646226754133433
4.7	1.3641634375147529
4.75	1.3639702667104758
4.800000000000001	1.3642294316659587
4.8500000000000005	1.3651272010466453
4.9	1.3668498435179819
4.95	1.3695836277454123
5.0	1.3735148223943834
5.050000000000001	1.3787740781233309
5.1000000000000005	1.3852695735626472
5.15	1.392853869335717
5.2	1.4013795260659228
5.25	1.4106991043766484
5.300000000000001	1.4206651648912791
5.3500000000000005	1.4311302682331974
5.4	1.4419469750257865
5.45	1.4529678458924302
5.5	1.4640454414565125
5.550000000000001	1.474993542837263
5.6000000000000005	1.485470813137282
5.65	1.4950971359550196
5.7	1.5034923948889216
5.75	1.5102764735374365
5.800000000000001	1.5150692554990133
5.8500000000000005	1.5174906243720983
5.9	1.5171604637551388
5.95	1.513698657246582
6.0	1.5067250884448775
6.050000000000001	1.4960509463275116
6.1000000000000005	1.4822526413881199
6.15	1.4660978894993806
6.2	1.4483544065339689
6.25	1.4297899083645624
6.300000000000001	1.4111721108638378
6.3500000000000005	1.3932687299044708
6.4	1.3768474813591376
6.45	1.3626760811005143
6.5	1.3515222450012785
6.550000000000001	1.3439563986945007
6.6000000000000005	1.3397598068548275
6.65	1.3385164439173003
6.7	1.3398102843169593
6.75	1.343225302488847
6.800000000000001	1.3483454728680049
6.8500000000000005	1.3547547698894729
6.9	1.3620371679882934
6.95	1.3697766415995059
7.0	1.3775571651581537
7.050000000000001	1.385002090920139
7.1000000000000005	1.391892282424807
7.15	1.3980479810323672
7.2	1.4032894281030261
7.25	1.4074368649969928
7.300000000000001	1.410310533074477
7.3500000000000005	1.4117306736956838
7.4	1.411517528220822
7.45	1.4094913380101004
7.5	1.4054723444237265
7.550000000000001	1.3994156754017564
7.6000000000000005	1.391816005203633
7.65	1.3833028946686485
7.7	1.3745059046360928
7.75	1.3660545959452588
7.800000000000001	1.3585785294354387
7.8500000000000005	1.3527072659459218
7.9	1.349070366316
7.95	1.3482973913849645
8.0	1.3510179019921078
8.05	1.3576437496330203
8.1	1.36771594842849
8.15	1.3805578031556083
8.200000000000001	1.395492618591462
8.25	1.41184369951314
8.3	1.4289343506977337
8.35	1.446087876922329
8.4	1.462627582964016
8.450000000000001	1.4778767735998846
8.5	1.4911587536070219
8.55	1.501921475977316
8.6	1.5101114865618386
8.65	1.5157999794264612
8.700000000000001	1.5190581486370547
8.75	1.51995718825949
8.8	1.5185682923596393
8.85	1.5149626550033708
8.9	1.5092114702565562
8.950000000000001	1.5013859321850673
9.0	1.4915572348547734
9.05	1.4798844906622715
9.1	1.466878485327049
9.15	1.45313792289932
9.200000000000001	1.439261507429298
9.25	1.4258479429671969
9.3	1.4134959335632302
9.35	1.4028041832676112
9.4	1.3943713961305528
9.450000000000001	1.3887962762022692
9.5	1.3866775275329732
9.55	1.3884146188151099
9.600000000000001	1.3936100773100435
9.65	1.401667194921371
9.700000000000001	1.4119892635526885
9.75	1.4239795751075899
9.8	1.4370414214896738
9.850000000000001	1.450578094602534
9.9	1.4639928863497669
9.950000000000001	1.4766890886349695
10.0	1.4880699933617367
10.05	1.4976378720517949
10.100000000000001	1.5052909146993918
10.15	1.511026290916905
10.200000000000001	1.5148411703167126
10.25	1.516732722511191
10.3	1.516698117112719
10.350000000000001	1.5147345237336736
10.4	1.5108391119864333
10.450000000000001	1.5050090514833756
10.5	1.4972415118368776
10.55	1.4876103186912566
10.600000000000001	1.4764959218185871
10.65	1.4643554270228858
10.700000000000001	1.4516459401081652
10.75	1.4388245668784405
10.8	1.4263484131377249
10.850000000000001	1.414674584690034
10.9	1.4042601873393832
10.950000000000001	1.3955623268897859
11.0	1.3890381091452566
11.05	1.3850188537085235
11.100000000000001	1.3833327353771714
11.15	1.3836821427474995
11.200000000000001	1.3857694644158058
11.25	1.389297088978387
11.3	1.3939674050315451
11.350000000000001	1.3994828011715759
11.4	1.4055456659947785
11.450000000000001	1.411858388097452
11.5	1.4181233560758941
11.55	1.424092157194057
11.600000000000001	1.4297131733865058
11.65	1.4349839852554584
11.700000000000001	1.439902173403135
11.75	1.444465318431751
11.8	1.448671000943527
11.850000000000001	1.45251680154068
11.9	1.4560003008254299
11.950000000000001	1.4591190793999937
12.0	1.4618707178665904
12.05	1.464264565281507
12.100000000000001	1.4663570445173026
12.15	1.4682163469006055
12.200000000000001	1.4699106637580466
12.25	1.4715081864162514
12.3	1.473077106201849
12.350000000000001	1.4746856144414684
12.4	1.476401902461737
12.450000000000001	1.4782941615892855
12.5	1.4804305831507394
12.55	1.4828502200129536
12.600000000000001	1.485475571203679
12.65	1.4881999972908926
12.700000000000001	1.4909168588425707
12.75	1.4935195164266892
12.8	1.495901330611225
12.850000000000001	1.4979556619641534
12.9	1.4995758710534528
12.950000000000001	1.500655318447099
13.0	1.5010873647130674
13.05	1.5008052222158381
13.100000000000001	1.4999015105059026
13.15	1.4985087009302556
13.200000000000001	1.496759264835893
13.25	1.4947856735698068
13.3	1.4927203984789934
13.350000000000001	1.490695910910448
13.4	1.488844682211164
13.450000000000001	1.4872991837281373
13.5	1.4861918868083615
13.55	1.485632861281183
13.600000000000001	1.4856425709053562
13.65	1.4862190779219864
13.700000000000001	1.4873604445721795
13.75	1.4890647330970388
13.8	1.4913300057376726
13.850000000000001	1.494154324735184
13.9	1.4975357523306787
13.950000000000001	1.501472350765265
14.0	1.5059621822800449
14.05	1.510989823437471
14.100000000000001	1.5164859080853805
14.15	1.5223675843929543
14.200000000000001	1.5285520005293771
14.25	1.5349563046638297
14.3	1.5414976449654945
14.350000000000001	1.5480931696035558
14.4	1.5546600267471935
14.450000000000001	1.5611153645655929
14.5	1.5673763312279345
14.55	1.5733600749034016
14.600000000000001	1.5789837437611762
14.65	1.5841644859704402
14.700000000000001	1.5888194497003796
14.75	1.5928657831201731
14.8	1.5962206343990044
14.850000000000001	1.5988011517060563
14.9	1.6005244832105112
14.950000000000001	1.601307777081551
15.0	1.6010681814883592
