0.0	1.3383506224066388
0.05	1.3383506224066388
0.1	1.3383506224066388
0.15000000000000002	1.3383506224066388
0.2	1.3383506224066388
0.25	1.3382355744294605
0.30000000000000004	1.3379671291493775
0.35000000000000003	1.3376986838692944
0.4	1.3374302385892114
0.45	1.3371617933091284
0.5	1.3368933480290455
0.55	1.3366249027489625
0.6000000000000001	1.3363564574688795
0.65	1.3360880121887966
0.7000000000000001	1.3358195669087136
0.75	1.3355511216286307
0.8	1.3352826763485477
0.8500000000000001	1.3350142310684645
0.9	1.3347457857883815
0.9500000000000001	1.3322402965076072
1.0	1.3288399896265561
1.05	1.3254396827455048
1.1	1.3220393758644535
1.1500000000000001	1.3186390689834024
1.2000000000000002	1.3152387621023511
1.25	1.3118384552212998
1.3	1.3127332728215761
1.35	1.3143439445020741
1.4000000000000001	1.3159546161825721
1.4500000000000002	1.3175652878630701
1.5	1.319175959543568
1.55	1.320786631224066
1.6	1.322397302904564
1.6500000000000001	1.324007974585062
1.7000000000000002	1.3256186462655597
1.75	1.3272293179460577
1.8	1.3288399896265557
1.85	1.3304506613070537
1.9000000000000001	1.3320613329875515
1.9500000000000002	1.3336720046680495
2.0	1.3352826763485475
2.0500000000000003	1.3368933480290455
2.1	1.3385040197095432
2.15	1.3401146913900412
2.2	1.3417253630705392
2.25	1.3433360347510372
2.3000000000000003	1.344946706431535
2.35	1.346557378112033
2.4000000000000004	1.348168049792531
2.45	1.349778721473029
2.5	1.3513893931535268
2.5500000000000003	1.3530000648340248
2.6	1.3546107365145228
2.6500000000000004	1.3559337882520748
2.7	1.356873346732365
2.75	1.3578129052126555
2.8000000000000003	1.358752463692946
2.85	1.3596920221732363
2.9000000000000004	1.3606315806535267
2.95	1.3615711391338172
3.0	1.3625106976141075
3.0500000000000003	1.363450256094398
3.1	1.3640446706431533
3.1500000000000004	1.3637762253630703
3.2	1.3635077800829873
3.25	1.3632393348029044
3.3000000000000003	1.3629708895228214
3.35	1.3627024442427385
3.4000000000000004	1.3624339989626555
3.45	1.3621655536825725
3.5	1.3618971084024896
3.5500000000000003	1.3616286631224066
3.6	1.3613602178423236
3.6500000000000004	1.3610917725622407
3.7	1.3608233272821577
3.75	1.3605548820020748
3.8000000000000003	1.3602864367219918
3.85	1.3600179914419088
3.9000000000000004	1.3597495461618259
3.95	1.359481100881743
4.0	1.35921265560166
4.05	1.358944210321577
4.1000000000000005	1.358675765041494
4.15	1.358407319761411
4.2	1.358138874481328
4.25	1.3584456690871372
4.3	1.359519450207469
4.3500000000000005	1.3605932313278009
4.4	1.361667012448133
4.45	1.3627407935684648
4.5	1.3638145746887966
4.55	1.3648883558091285
4.6000000000000005	1.3659621369294606
4.65	1.3670359180497924
4.7	1.3681096991701243
4.75	1.3691834802904563
4.800000000000001	1.3702572614107882
4.8500000000000005	1.37133104253112
4.9	1.3724048236514519
4.95	1.373478604771784
5.0	1.3745523858921158
5.050000000000001	1.3756261670124477
5.1000000000000005	1.3766999481327797
5.15	1.3777162052645224
5.2	1.37838731846473
5.25	1.3790584316649375
5.300000000000001	1.379729544865145
5.3500000000000005	1.3804006580653525
5.4	1.38107177126556
5.45	1.3817428844657675
5.5	1.382413997665975
5.550000000000001	1.3830851108661824
5.6000000000000005	1.3837562240663899
5.65	1.3843468036825726
5.7	1.384937383298755
5.75	1.3855279629149377
5.800000000000001	1.3861185425311202
5.8500000000000005	1.386709122147303
5.9	1.3872997017634854
5.95	1.387890281379668
6.0	1.3884808609958506
6.050000000000001	1.3890714406120332
6.1000000000000005	1.3896620202282157
6.15	1.3902525998443984
6.2	1.390843179460581
6.25	1.3914337590767634
6.300000000000001	1.392024338692946
6.3500000000000005	1.3926149183091285
6.4	1.3932054979253112
6.45	1.3937960775414937
6.5	1.3943866571576764
6.550000000000001	1.3949772367738589
6.6000000000000005	1.3955678163900416
6.65	1.396158396006224
6.7	1.3967489756224067
6.75	1.3974852826763484
6.800000000000001	1.3990959543568464
6.8500000000000005	1.4007066260373442
6.9	1.402317297717842
6.95	1.40392796939834
7.0	1.4061522302904559
7.050000000000001	1.4088366830912857
7.1000000000000005	1.4115211358921154
7.15	1.4142055886929452
7.2	1.416890041493775
7.25	1.4164724599469798
7.300000000000001	1.416054878400184
7.3500000000000005	1.4156372968533883
7.4	1.4152197153065926
7.45	1.414802133759797
7.5	1.4143845522130012
7.550000000000001	1.4139669706662055
7.6000000000000005	1.4135493891194095
7.65	1.4131318075726138
7.7	1.412714226025818
7.75	1.4122966444790224
7.800000000000001	1.4118790629322266
7.8500000000000005	1.411461481385431
7.9	1.4110438998386352
7.95	1.4106263182918395
8.0	1.4102087367450438
8.05	1.4097911551982478
8.1	1.409373573651452
8.15	1.4089559921046564
8.200000000000001	1.4085384105578607
8.25	1.409603669605809
8.3	1.4126460494467497
8.35	1.4156884292876901
8.4	1.4187308091286308
8.450000000000001	1.4217731889695713
8.5	1.424815568810512
8.55	1.4278579486514524
8.6	1.4292845435684647
8.65	1.429499299792531
8.700000000000001	1.4297140560165975
8.75	1.4299288122406637
8.8	1.4301435684647301
8.85	1.4303583246887963
8.9	1.4305730809128627
8.950000000000001	1.4307878371369291
9.0	1.4310025933609953
9.05	1.4312173495850617
9.1	1.431432105809128
9.15	1.4315778332468874
9.200000000000001	1.4313093879668044
9.25	1.4310409426867214
9.3	1.4307724974066385
9.35	1.4305040521265555
9.4	1.4302356068464723
9.450000000000001	1.4299671615663894
9.5	1.4296987162863064
9.55	1.4294302710062234
9.600000000000001	1.4291618257261405
9.65	1.4288933804460575
9.700000000000001	1.4286249351659746
9.75	1.4283564898858916
9.8	1.4280880446058086
9.850000000000001	1.4278195993257254
9.9	1.4275511540456425
9.950000000000001	1.4272827087655595
10.0	1.4270142634854766
10.05	1.4267458182053936
10.100000000000001	1.4264773729253106
10.15	1.4262089276452277
10.200000000000001	1.4259404823651447
10.25	1.4256720370850617
10.3	1.4254035918049786
10.350000000000001	1.4251351465248956
10.4	1.4248667012448126
10.450000000000001	1.4245982559647297
10.5	1.4243298106846467
10.55	1.4261705783195022
10.600000000000001	1.428855031120332
10.65	1.4315394839211617
10.700000000000001	1.4342239367219916
10.75	1.4369083895228212
10.8	1.439592842323651
10.850000000000001	1.4422772951244809
10.9	1.4449617479253105
10.950000000000001	1.4476462007261404
11.0	1.45033065352697
11.05	1.4530151063277998
11.100000000000001	1.4550706301867216
11.15	1.455553831690871
11.200000000000001	1.4560370331950203
11.25	1.4565202346991697
11.3	1.457003436203319
11.350000000000001	1.4574866377074687
11.4	1.457969839211618
11.450000000000001	1.4584530407157674
11.5	1.4589362422199168
11.55	1.4594194437240662
11.600000000000001	1.4599026452282156
11.65	1.460385846732365
11.700000000000001	1.4608690482365143
11.75	1.4613522497406637
11.8	1.461835451244813
11.850000000000001	1.4623186527489624
11.9	1.462801854253112
11.950000000000001	1.4632850557572614
12.0	1.4637682572614108
12.05	1.4642514587655602
12.100000000000001	1.4647346602697096
12.15	1.465217861773859
12.200000000000001	1.4657010632780083
12.25	1.4662072743775934
12.3	1.4667441649377593
12.350000000000001	1.4672810554979254
12.4	1.4678179460580913
12.450000000000001	1.4683548366182573
12.5	1.4688917271784232
12.55	1.4694286177385891
12.600000000000001	1.469965508298755
12.65	1.470502398858921
12.700000000000001	1.4710392894190871
12.75	1.471576179979253
12.8	1.472113070539419
12.850000000000001	1.472649961099585
12.9	1.4731868516597508
12.950000000000001	1.4734169476141075
13.0	1.4735243257261408
13.05	1.4736317038381739
13.100000000000001	1.4737390819502072
13.15	1.4738464600622403
13.200000000000001	1.4739538381742736
13.25	1.4740612162863067
13.3	1.47416859439834
13.350000000000001	1.4742759725103731
13.4	1.4743833506224062
13.450000000000001	1.4744907287344395
13.5	1.4745981068464726
13.55	1.474705484958506
13.600000000000001	1.474812863070539
13.65	1.4749202411825724
13.700000000000001	1.4750276192946055
13.75	1.4751349974066388
13.8	1.4752423755186719
13.850000000000001	1.475349753630705
13.9	1.4754571317427383
13.950000000000001	1.4755645098547714
14.0	1.4756718879668047
14.05	1.4757792660788378
14.100000000000001	1.4758866441908711
14.15	1.4759940223029042
14.200000000000001	1.4761014004149375
14.25	1.4762087785269706
14.3	1.4763161566390037
14.350000000000001	1.476423534751037
14.4	1.4765309128630701
14.450000000000001	1.4766382909751035
14.5	1.4767456690871366
14.55	1.4768530471991699
14.600000000000001	1.476960425311203
14.65	1.477129162344398
14.700000000000001	1.4773797112724756
14.75	1.477630260200553
14.8	1.4778808091286304
14.850000000000001	1.478131358056708
14.9	1.4783819069847854
14.950000000000001	1.478632455912863
15.0	1.4788830048409403
15.05	1.4791335537690178
15.100000000000001	1.4793841026970953
15.15	1.4796346516251728
15.200000000000001	1.4798852005532501
15.25	1.4801357494813276
15.3	1.4803862984094052
15.350000000000001	1.4806368473374827
15.4	1.48088739626556
15.450000000000001	1.4811379451936375
15.5	1.481388494121715
15.55	1.4816390430497925
15.600000000000001	1.48188959197787
15.65	1.4821401409059474
15.700000000000001	1.4823906898340249
15.75	1.4826412387621024
15.8	1.48289178769018
15.850000000000001	1.4831423366182572
15.9	1.4833928855463347
15.950000000000001	1.4836434344744123
16.0	1.4838939834024898
16.05	1.484144532330567
16.1	1.4843950812586446
16.150000000000002	1.4846456301867221
16.2	1.4848961791147997
16.25	1.485146728042877
16.3	1.4853972769709545
16.35	1.4857654304979262
16.400000000000002	1.4868392116182583
16.45	1.4879129927385901
16.5	1.488986773858922
16.55	1.490060554979254
16.6	1.491134336099586
16.650000000000002	1.492208117219918
16.7	1.4932818983402498
16.75	1.4943556794605817
16.8	1.4954294605809137
16.85	1.4965032417012456
16.900000000000002	1.4975770228215777
16.95	1.4986508039419095
17.0	1.4997245850622414
17.05	1.5007983661825735
17.1	1.5018721473029053
17.150000000000002	1.5029459284232374
17.2	1.5040197095435692
17.25	1.5050934906639013
17.3	1.5061672717842332
17.35	1.5072410529045652
17.400000000000002	1.508314834024897
17.45	1.509388615145229
17.5	1.510462396265561
17.55	1.5115361773858929
17.6	1.512609958506225
17.650000000000002	1.5136837396265568
17.7	1.5147575207468886
17.75	1.5158313018672207
17.8	1.5169050829875526
17.85	1.5179788641078846
17.900000000000002	1.5190526452282165
17.95	1.5201264263485483
18.0	1.5212002074688804
18.05	1.5222739885892123
18.1	1.5233477697095443
18.150000000000002	1.5244215508298762
18.2	1.5254953319502083
18.25	1.52656911307054
18.3	1.5276428941908722
18.35	1.528716675311204
18.400000000000002	1.529790456431536
18.45	1.530864237551868
18.5	1.5319380186721998
18.55	1.5330117997925319
18.6	1.5340855809128637
18.650000000000002	1.5337327671161813
18.7	1.5314778267634845
18.75	1.5292228864107875
18.8	1.5269679460580905
18.85	1.5247130057053935
18.900000000000002	1.5224580653526965
18.95	1.5202031249999997
19.0	1.5179481846473026
19.05	1.5156932442946056
19.1	1.5134383039419086
19.150000000000002	1.5111833635892116
19.200000000000003	1.5089284232365145
19.25	1.5066734828838175
19.3	1.5044185425311205
19.35	1.5021636021784235
19.400000000000002	1.4999086618257265
19.450000000000003	1.4976537214730294
19.5	1.4953987811203326
19.55	1.4931438407676356
19.6	1.4908889004149386
19.650000000000002	1.4886339600622416
19.700000000000003	1.4863790197095446
19.75	1.4841240793568478
19.8	1.4834408713692944
19.85	1.4839364626556013
19.900000000000002	1.4844320539419085
19.950000000000003	1.4849276452282156
20.0	1.4854232365145226
20.05	1.4859188278008297
20.1	1.4864144190871367
20.150000000000002	1.4869100103734438
20.200000000000003	1.487405601659751
20.25	1.487901192946058
20.3	1.488396784232365
20.35	1.488892375518672
20.400000000000002	1.4893879668049792
20.450000000000003	1.4898835580912864
20.5	1.4903791493775933
20.55	1.4908747406639005
20.6	1.4913703319502074
20.650000000000002	1.4918659232365146
20.700000000000003	1.4923615145228217
20.75	1.4928571058091287
20.8	1.4933526970954358
20.85	1.4938482883817428
20.900000000000002	1.49434387966805
20.950000000000003	1.494839470954357
21.0	1.495335062240664
21.05	1.4958306535269712
21.1	1.4963262448132781
21.150000000000002	1.4968218360995853
21.200000000000003	1.4973174273858925
21.25	1.4978130186721994
21.3	1.4983086099585066
21.35	1.4988042012448135
21.400000000000002	1.4992997925311207
21.450000000000003	1.4997953838174278
21.5	1.5002909751037348
21.55	1.500786566390042
21.6	1.5012821576763489
21.650000000000002	1.501777748962656
21.700000000000003	1.5022733402489632
21.75	1.5027689315352701
21.8	1.5032645228215773
21.85	1.5037601141078842
21.900000000000002	1.5042557053941914
21.950000000000003	1.5047512966804986
22.0	1.5052468879668055
22.05	1.5057424792531127
22.1	1.5062380705394196
22.150000000000002	1.5067336618257268
22.200000000000003	1.507229253112034
22.25	1.5077248443983409
22.3	1.508220435684648
22.35	1.508716026970955
22.400000000000002	1.5092116182572621
22.450000000000003	1.5097072095435693
22.5	1.5102028008298762
22.55	1.5106983921161834
22.6	1.5111939834024903
22.650000000000002	1.5116895746887975
22.700000000000003	1.5121851659751047
22.75	1.5130701504149409
22.8	1.5162914937759366
22.85	1.5195128371369322
22.900000000000002	1.522734180497928
22.950000000000003	1.5259555238589237
23.0	1.529176867219919
23.05	1.5323982105809149
23.1	1.5356195539419104
23.150000000000002	1.5388408973029062
23.200000000000003	1.542062240663902
23.25	1.5452835840248973
23.3	1.548504927385893
23.35	1.5492122593937296
23.400000000000002	1.5489139868603041
23.450000000000003	1.5486157143268786
23.5	1.548317441793453
23.55	1.5480191692600274
23.6	1.5477208967266018
23.650000000000002	1.5474226241931763
23.700000000000003	1.5471243516597508
23.75	1.5468260791263253
23.8	1.5465278065928998
23.85	1.5462295340594743
23.900000000000002	1.5459312615260488
23.950000000000003	1.545632988992623
24.0	1.5453347164591975
24.05	1.545036443925772
24.1	1.5447381713923465
24.150000000000002	1.544439898858921
24.200000000000003	1.5441416263254955
24.25	1.54384335379207
24.3	1.5435450812586444
24.35	1.543246808725219
24.400000000000002	1.5429485361917932
24.450000000000003	1.5426502636583677
24.5	1.5423519911249421
24.55	1.5420537185915166
24.6	1.5417554460580911
24.650000000000002	1.5414571735246656
24.700000000000003	1.54115890099124
24.75	1.5408606284578146
24.8	1.540562355924389
24.85	1.5402640833909633
24.900000000000002	1.5399658108575378
24.950000000000003	1.5396675383241123
25.0	1.5393692657906868
25.05	1.5390709932572613
25.1	1.5387727207238358
25.150000000000002	1.5384744481904102
25.200000000000003	1.5381761756569845
25.25	1.537877903123559
25.3	1.5375796305901335
25.35	1.537281358056708
25.400000000000002	1.5369830855232824
25.450000000000003	1.536684812989857
25.5	1.5363865404564314
25.55	1.536088267923006
25.6	1.5357899953895804
25.650000000000002	1.5354917228561547
25.700000000000003	1.5351934503227291
25.75	1.5348951777893036
25.8	1.534596905255878
25.85	1.5342986327224526
25.900000000000002	1.534000360189027
25.950000000000003	1.5337020876556016
26.0	1.533403815122176
26.05	1.5331055425887505
26.1	1.5328072700553248
26.150000000000002	1.5325089975218993
26.200000000000003	1.5322107249884738
26.25	1.5319124524550483
26.3	1.5316141799216227
26.35	1.5313159073881972
26.400000000000002	1.5310176348547717
26.450000000000003	1.5307193623213462
26.5	1.5304210897879207
26.55	1.530122817254495
26.6	1.5298245447210694
26.650000000000002	1.529526272187644
26.700000000000003	1.5292279996542184
26.75	1.528929727120793
26.8	1.5286314545873674
26.85	1.5283331820539419
26.900000000000002	1.5280349095205163
26.950000000000003	1.5277366369870906
27.0	1.527438364453665
27.05	1.5271400919202396
27.1	1.526841819386814
27.150000000000002	1.5265435468533886
27.200000000000003	1.526245274319963
27.25	1.5259470017865375
27.3	1.525648729253112
27.35	1.5253504567196863
27.400000000000002	1.5250521841862608
27.450000000000003	1.5247539116528352
27.5	1.5244556391194097
27.55	1.5241573665859842
27.6	1.5238590940525587
27.650000000000002	1.5235608215191332
27.700000000000003	1.5232625489857077
27.75	1.5229642764522822
27.8	1.5226660039188564
27.85	1.522367731385431
27.900000000000002	1.5220694588520054
27.950000000000003	1.5217711863185799
28.0	1.5214729137851544
28.05	1.5211746412517289
28.1	1.5208763687183033
28.150000000000002	1.5205780961848778
28.200000000000003	1.520279823651452
28.25	1.5199815511180266
28.3	1.519683278584601
28.35	1.5193850060511755
28.400000000000002	1.51908673351775
28.450000000000003	1.5187884609843245
28.5	1.5198963303941895
28.55	1.5212385567946045
28.6	1.5225807831950198
28.650000000000002	1.5239230095954348
28.700000000000003	1.52526523599585
28.75	1.526607462396265
28.8	1.5279496887966801
28.85	1.5292919151970952
28.900000000000002	1.5306341415975104
28.950000000000003	1.5319763679979255
29.0	1.5333185943983405
29.05	1.5346608207987558
29.1	1.5360030471991708
29.150000000000002	1.5371620490433375
29.200000000000003	1.5372217035500229
29.25	1.537281358056708
29.3	1.537341012563393
29.35	1.5374006670700782
29.400000000000002	1.5374603215767633
29.450000000000003	1.5375199760834484
29.5	1.5375796305901335
29.55	1.5376392850968186
29.6	1.5376989396035037
29.650000000000002	1.5377585941101888
29.700000000000003	1.5378182486168739
29.75	1.5378779031235592
29.8	1.5379375576302443
29.85	1.5379972121369294
29.900000000000002	1.5380568666436145
29.950000000000003	1.5381165211502996
30.0	1.5381761756569847
30.05	1.5382358301636698
30.1	1.538295484670355
30.150000000000002	1.53835513917704
30.200000000000003	1.5385341026970953
30.25	1.5388025479771783
30.3	1.5390709932572613
30.35	1.5393394385373442
30.400000000000002	1.5396078838174272
30.450000000000003	1.5398763290975102
30.5	1.5401447743775931
30.55	1.540413219657676
30.6	1.5406816649377593
30.650000000000002	1.5409501102178422
30.700000000000003	1.5412185554979252
30.75	1.5414870007780082
30.8	1.5417554460580911
30.85	1.542023891338174
30.900000000000002	1.542982624481327
30.950000000000003	1.544056405601659
31.0	1.545130186721991
31.05	1.5462039678423232
31.1	1.5472777489626552
31.150000000000002	1.5483515300829873
31.200000000000003	1.5494253112033194
31.25	1.5504990923236512
31.3	1.5515728734439833
31.35	1.5526466545643154
31.400000000000002	1.5537204356846475
31.450000000000003	1.55439976659751
31.5	1.5545531639004146
31.55	1.5547065612033193
31.6	1.5548599585062237
31.650000000000002	1.5550133558091284
31.700000000000003	1.555166753112033
31.75	1.5553201504149377
31.8	1.555473547717842
31.85	1.5556269450207467
31.900000000000002	1.5557803423236514
31.950000000000003	1.555933739626556
32.0	1.5560871369294604
32.050000000000004	1.556240534232365
32.1	1.5563939315352697
32.15	1.5565473288381741
32.2	1.5567007261410788
32.25	1.5568541234439834
32.300000000000004	1.557007520746888
32.35	1.5571609180497925
32.4	1.5573143153526972
32.45	1.5574677126556018
32.5	1.5576211099585062
32.550000000000004	1.5577745072614109
32.6	1.5579279045643155
32.65	1.5580813018672202
32.7	1.5582346991701246
32.75	1.5583880964730292
32.800000000000004	1.5585414937759339
32.85	1.5586948910788383
32.9	1.558848288381743
32.95	1.5590016856846476
33.0	1.5591550829875522
33.050000000000004	1.559058661825726
33.1	1.5586291493775932
33.15	1.5581996369294604
33.2	1.5577701244813276
33.25	1.5573406120331947
33.300000000000004	1.556911099585062
33.35	1.556481587136929
33.4	1.5560520746887965
33.45	1.5556225622406636
33.5	1.5551930497925308
33.550000000000004	1.554763537344398
33.6	1.5543340248962652
33.65	1.5544682475363067
33.7	1.5546024701763481
33.75	1.5547366928163897
33.800000000000004	1.554870915456431
33.85	1.5550051380964727
33.9	1.5551393607365143
33.95	1.5552735833765556
34.0	1.5554078060165972
34.050000000000004	1.5555420286566388
34.1	1.5556762512966802
34.15	1.5558104739367218
34.2	1.5559446965767632
34.25	1.5560789192168047
34.300000000000004	1.5562131418568463
34.35	1.5563473644968877
34.4	1.5564815871369293
34.45	1.5566158097769707
34.5	1.5567500324170123
34.550000000000004	1.556847380705394
34.6	1.556929979253112
34.65	1.5570125778008297
34.7	1.5570951763485474
34.75	1.5571777748962654
34.800000000000004	1.5572603734439832
34.85	1.5573429719917011
34.9	1.5574255705394189
34.95	1.5575081690871366
35.0	1.5575907676348546
35.050000000000004	1.5576733661825723
35.1	1.5577559647302903
35.15	1.557838563278008
35.2	1.5579211618257258
35.25	1.5580037603734438
35.300000000000004	1.5580863589211615
35.35	1.5581689574688795
35.4	1.5582515560165973
35.45	1.5583341545643152
35.5	1.558416753112033
35.550000000000004	1.5584993516597507
35.6	1.5585819502074687
35.65	1.5586645487551865
35.7	1.5587471473029044
35.75	1.5588297458506222
35.800000000000004	1.55891234439834
35.85	1.558994942946058
35.9	1.5590775414937756
35.95	1.5591601400414936
36.0	1.5592427385892114
36.050000000000004	1.5593253371369291
36.1	1.559407935684647
36.15	1.5594905342323648
36.2	1.5595731327800828
36.25	1.5596557313278006
36.300000000000004	1.5597383298755183
36.35	1.5598209284232363
36.4	1.559903526970954
36.45	1.559986125518672
36.5	1.5600687240663897
36.550000000000004	1.5601513226141077
36.6	1.5602339211618255
36.65	1.5603165197095432
36.7	1.5603991182572612
36.75	1.560481716804979
36.800000000000004	1.560564315352697
36.85	1.5606469139004147
36.9	1.5607295124481324
36.95	1.5608121109958504
37.0	1.5608947095435681
37.050000000000004	1.560977308091286
37.1	1.5610599066390038
37.15	1.5611425051867216
37.2	1.5612251037344396
37.25	1.5613077022821573
37.300000000000004	1.5613903008298753
37.35	1.561472899377593
37.4	1.5615554979253108
37.45	1.5616380964730288
37.5	1.5617249858543942
37.550000000000004	1.561822602319879
37.6	1.5619202187853638
37.65	1.5620178352508485
37.7	1.5621154517163331
37.75	1.5622130681818178
37.800000000000004	1.5623106846473027
37.85	1.5624083011127874
37.9	1.562505917578272
37.95	1.562603534043757
38.0	1.5627011505092416
38.050000000000004	1.5627987669747263
38.1	1.562896383440211
38.15	1.5629939999056959
38.2	1.5630916163711805
38.25	1.5631892328366652
38.300000000000004	1.5632868493021501
38.35	1.5633844657676348
38.400000000000006	1.5634820822331195
38.45	1.5635796986986041
38.5	1.563677315164089
38.550000000000004	1.5637749316295737
38.6	1.5638725480950584
38.650000000000006	1.5639701645605433
38.7	1.564067781026028
38.75	1.5642142057242552
38.800000000000004	1.5646534798189367
38.85	1.5650927539136177
38.900000000000006	1.565532028008299
38.95	1.5659713021029802
39.0	1.5664105761976614
39.050000000000004	1.5668498502923427
39.1	1.567289124387024
39.150000000000006	1.5677283984817052
39.2	1.5681676725763865
39.25	1.5686069466710675
39.300000000000004	1.569046220765749
39.35	1.56948549486043
39.400000000000006	1.5699247689551112
39.45	1.5703640430497925
39.5	1.5708033171444737
39.550000000000004	1.571242591239155
39.6	1.5716818653338362
39.650000000000006	1.5721211394285175
39.7	1.5725604135231988
39.75	1.5729996876178798
39.800000000000004	1.5734389617125613
39.85	1.5738782358072423
39.900000000000006	1.5743175099019235
39.95	1.5747567839966048
40.0	1.575196058091286
40.050000000000004	1.5770751750518675
40.1	1.5789542920124486
40.150000000000006	1.58083340897303
40.2	1.5827125259336112
40.25	1.5838016467842326
40.300000000000004	1.5838374394882437
40.35	1.5838732321922548
40.400000000000006	1.5839090248962657
40.45	1.5839448176002768
40.5	1.583980610304288
40.550000000000004	1.584016403008299
40.6	1.58405219571231
40.650000000000006	1.584087988416321
40.7	1.5841237811203321
40.75	1.5841595738243432
40.800000000000004	1.5841953665283541
40.85	1.5842311592323652
40.900000000000006	1.5842669519363763
40.95	1.5843027446403875
41.0	1.5843385373443983
41.050000000000004	1.5843743300484094
41.1	1.5844101227524205
41.150000000000006	1.5844459154564317
41.2	1.5844817081604425
41.25	1.5845175008644536
41.300000000000004	1.5845532935684647
41.35	1.5845890862724759
41.400000000000006	1.584624878976487
41.45	1.5846606716804978
41.5	1.584696464384509
41.550000000000004	1.58473225708852
41.6	1.5847680497925312
41.650000000000006	1.584803842496542
41.7	1.5848396352005532
41.75	1.5848754279045643
41.800000000000004	1.5849112206085754
41.85	1.5849470133125863
41.900000000000006	1.5849828060165974
41.95	1.5849176121628623
42.0	1.5842464989626548
42.050000000000004	1.5835753857624473
42.1	1.58290427256224
42.150000000000006	1.5822331593620325
42.2	1.581562046161825
42.25	1.5808909329616176
42.300000000000004	1.5802198197614101
42.35	1.5795487065612028
42.400000000000006	1.5788775933609953
42.45	1.5795678812240659
42.5	1.5802581690871365
42.550000000000004	1.5809484569502072
42.6	1.5816387448132778
42.650000000000006	1.5823290326763484
42.7	1.583019320539419
42.75	1.5837096084024895
42.800000000000004	1.58439989626556
42.85	1.5850901841286307
42.900000000000006	1.5857804719917015
42.95	1.5864707598547718
43.0	1.5871610477178424
43.050000000000004	1.5878513355809132
43.1	1.5885416234439838
43.150000000000006	1.5892319113070543
43.2	1.589922199170125
43.25	1.5904590897302908
43.300000000000004	1.5909959802904567
43.35	1.5915328708506224
43.400000000000006	1.5920697614107884
43.45	1.5926066519709543
43.5	1.5931435425311202
43.550000000000004	1.5936804330912862
43.6	1.5942173236514519
43.650000000000006	1.5947542142116178
43.7	1.5952911047717837
43.75	1.5958279953319496
43.800000000000004	1.5955321576763486
43.85	1.5946117738589214
43.900000000000006	1.593691390041494
43.95	1.5927710062240665
44.0	1.5918506224066393
44.050000000000004	1.590930238589212
44.1	1.5900098547717845
44.150000000000006	1.589089470954357
44.2	1.5881690871369296
44.25	1.5872487033195024
44.300000000000004	1.586328319502075
44.35	1.5854079356846476
44.400000000000006	1.5844875518672201
44.45	1.583567168049793
44.5	1.5826467842323655
44.550000000000004	1.581726400414938
44.6	1.5816026513302412
44.650000000000006	1.5820763782950937
44.7	1.582550105259946
44.75	1.5830238322247983
44.800000000000004	1.5834975591896507
44.85	1.583971286154503
44.900000000000006	1.5844450131193553
44.95	1.5849187400842077
45.0	1.58539246704906
45.050000000000004	1.5858661940139123
45.1	1.5863399209787648
45.150000000000006	1.586813647943617
45.2	1.5872873749084693
45.25	1.5877611018733218
45.300000000000004	1.588234828838174
45.35	1.5887085558030263
45.400000000000006	1.5891822827678788
45.45	1.589656009732731
45.5	1.5901297366975833
45.550000000000004	1.5906034636624358
45.6	1.591077190627288
45.650000000000006	1.5915509175921405
45.7	1.5920246445569928
45.75	1.592498371521845
45.800000000000004	1.5929720984866975
45.85	1.5934458254515498
45.900000000000006	1.5939195524164023
45.95	1.5943932793812545
46.0	1.5948670063461068
46.050000000000004	1.5953407333109593
46.1	1.5958144602758115
46.150000000000006	1.5962881872406638
46.2	1.5967619142055163
46.25	1.5972356411703685
46.300000000000004	1.5977093681352208
46.35	1.5981830951000733
46.400000000000006	1.5986568220649255
46.45	1.5991305490297778
46.5	1.5996042759946303
46.550000000000004	1.5998749771174028
46.6	1.6000644679033438
46.650000000000006	1.6002539586892848
46.7	1.6004434494752255
46.75	1.6006329402611665
46.800000000000004	1.6008224310471075
46.85	1.6010119218330483
46.900000000000006	1.6012014126189893
46.95	1.6013909034049303
47.0	1.6015803941908713
47.050000000000004	1.601769884976812
47.1	1.601959375762753
47.150000000000006	1.602148866548694
47.2	1.6023383573346348
47.25	1.6025278481205758
47.300000000000004	1.6027173389065168
47.35	1.6029068296924576
47.400000000000006	1.6030963204783986
47.45	1.6032858112643396
47.5	1.6034753020502803
47.550000000000004	1.6036647928362213
47.6	1.6038542836221623
47.650000000000006	1.6040437744081033
47.7	1.604233265194044
47.75	1.604422755979985
47.800000000000004	1.604612246765926
47.85	1.6048017375518668
47.900000000000006	1.6049912283378078
47.95	1.6051807191237488
48.0	1.6053702099096896
48.050000000000004	1.6055597006956306
48.1	1.6057491914815716
48.150000000000006	1.6059386822675124
48.2	1.6061281730534533
48.25	1.6063176638393943
48.300000000000004	1.606507154625335
48.35	1.606696645411276
48.400000000000006	1.606886136197217
48.45	1.607075626983158
48.5	1.6074248314315347
48.550000000000004	1.607800654823651
48.6	1.608176478215767
48.650000000000006	1.6085523016078833
48.7	1.6089281249999996
48.75	1.6093039483921157
48.800000000000004	1.609679771784232
48.85	1.6100555951763482
48.900000000000006	1.6104314185684645
48.95	1.6108072419605806
49.0	1.6111830653526968
49.050000000000004	1.6115588887448131
49.1	1.6119347121369292
49.150000000000006	1.6123105355290455
49.2	1.6126863589211617
49.25	1.6130621823132778
49.300000000000004	1.613438005705394
49.35	1.6138138290975104
49.400000000000006	1.6141896524896264
49.45	1.6145654758817427
49.5	1.614941299273859
49.550000000000004	1.615317122665975
49.6	1.6156929460580913
49.650000000000006	1.615223166817946
49.7	1.6147533875778008
49.75	1.6142836083376555
49.800000000000004	1.6138138290975104
49.85	1.613344049857365
49.900000000000006	1.6128742706172197
49.95	1.6124044913770745
50.0	1.6119347121369294
50.050000000000004	1.611464932896784
50.1	1.6109951536566387
50.150000000000006	1.6105253744164936
50.2	1.6100555951763482
50.25	1.609585815936203
50.300000000000004	1.6091160366960577
50.35	1.6086462574559126
50.400000000000006	1.6081764782157673
50.45	1.607706698975622
50.5	1.6072369197354768
50.550000000000004	1.6074861903526971
50.6	1.608023080912863
50.650000000000006	1.608559971473029
50.7	1.609096862033195
50.75	1.6096337525933608
50.800000000000004	1.6101706431535268
50.85	1.6107075337136927
50.900000000000006	1.6112444242738588
50.95	1.6117813148340248
51.0	1.612035010373444
51.050000000000004	1.612076309647303
51.1	1.612117608921162
51.150000000000006	1.6121589081950207
51.2	1.6122002074688797
51.25	1.6122415067427387
51.300000000000004	1.6122828060165975
51.35	1.6123241052904564
51.400000000000006	1.6123654045643154
51.45	1.6124067038381742
51.5	1.6124480031120332
51.550000000000004	1.6124893023858922
51.6	1.612530601659751
51.650000000000006	1.61257190093361
51.7	1.612613200207469
51.75	1.6126544994813277
51.800000000000004	1.6126957987551866
51.85	1.6127370980290456
51.900000000000006	1.6127783973029044
51.95	1.6128196965767634
52.0	1.6128609958506224
52.050000000000004	1.6129022951244811
52.1	1.6129435943983401
52.150000000000006	1.612984893672199
52.2	1.6130261929460579
52.25	1.6130674922199169
52.300000000000004	1.6131087914937758
52.35	1.6131500907676346
52.400000000000006	1.6131913900414936
52.45	1.6132326893153526
52.5	1.6136987811203314
52.550000000000004	1.6142356716804973
52.6	1.6147725622406635
52.650000000000006	1.6153094528008294
52.7	1.6158463433609953
52.75	1.6163832339211612
52.800000000000004	1.6169201244813274
52.85	1.6174570150414933
52.900000000000006	1.6179939056016595
52.95	1.6185307961618254
53.0	1.6190676867219913
53.050000000000004	1.6196045772821572
53.1	1.6201414678423232
53.150000000000006	1.6206783584024893
53.2	1.6212152489626552
53.25	1.6217521395228212
53.300000000000004	1.6222890300829873
53.35	1.6228259206431532
53.400000000000006	1.6233628112033192
53.45	1.6238997017634853
53.5	1.6244365923236512
53.550000000000004	1.6249734828838172
53.6	1.625510373443983
53.650000000000006	1.6260472640041492
53.7	1.6265841545643152
53.75	1.627121045124481
53.800000000000004	1.6276579356846472
53.85	1.6281948262448132
53.900000000000006	1.628731716804979
53.95	1.629268607365145
54.0	1.6298054979253112
54.050000000000004	1.630342388485477
54.1	1.630879279045643
54.150000000000006	1.6314161696058092
54.2	1.631953060165975
54.25	1.632489950726141
54.300000000000004	1.633026841286307
54.35	1.633563731846473
54.400000000000006	1.634100622406639
54.45	1.634637512966805
54.5	1.6351744035269709
54.550000000000004	1.635711294087137
54.6	1.636248184647303
54.650000000000006	1.6367850752074689
54.7	1.637321965767635
54.75	1.637858856327801
54.800000000000004	1.6383957468879669
54.85	1.6389326374481328
54.900000000000006	1.639469528008299
54.95	1.6400064185684649
55.0	1.6405433091286308
55.050000000000004	1.641080199688797
55.1	1.6416170902489629
55.150000000000006	1.6421539808091288
55.2	1.6426908713692947
55.25	1.6432277619294609
55.300000000000004	1.6437646524896268
55.35	1.6435984720781465
55.400000000000006	1.6431510632780082
55.45	1.64270365447787
55.5	1.6422562456777317
55.550000000000004	1.6418088368775934
55.6	1.641361428077455
55.650000000000006	1.6409140192773166
55.7	1.6404666104771783
55.75	1.64001920167704
55.800000000000004	1.6395717928769018
55.85	1.6391243840767635
55.900000000000006	1.638676975276625
55.95	1.6382295664764868
56.0	1.6377821576763485
56.050000000000004	1.637440500047152
56.1	1.6370988424179556
56.150000000000006	1.636757184788759
56.2	1.6364155271595624
56.25	1.636073869530366
56.300000000000004	1.6357322119011695
56.35	1.6353905542719729
56.400000000000006	1.6350488966427765
56.45	1.63470723901358
56.5	1.6343655813843834
56.550000000000004	1.634023923755187
56.6	1.6336822661259904
56.650000000000006	1.6333406084967939
56.7	1.6329989508675975
56.75	1.632657293238401
56.800000000000004	1.6323156356092043
56.85	1.631973977980008
56.900000000000006	1.6316323203508114
56.95	1.6312906627216148
57.0	1.6309490050924185
57.050000000000004	1.630607347463222
57.1	1.6302656898340253
57.150000000000006	1.629924032204829
57.2	1.6295823745756324
57.25	1.6292407169464358
57.300000000000004	1.6293453060165977
57.35	1.629524269536653
57.400000000000006	1.6297032330567083
57.45	1.6298821965767636
57.5	1.630061160096819
57.550000000000004	1.6302401236168742
57.6	1.6304190871369295
57.650000000000006	1.6305980506569848
57.7	1.6307770141770401
57.75	1.6309559776970954
57.800000000000004	1.6311349412171507
57.85	1.631313904737206
57.900000000000006	1.6314928682572614
57.95	1.6316718317773167
58.0	1.631850795297372
58.050000000000004	1.6320297588174273
58.1	1.6322087223374826
58.150000000000006	1.632387685857538
58.2	1.6325666493775932
58.25	1.6327456128976483
58.300000000000004	1.6329245764177038
58.35	1.633103539937759
58.400000000000006	1.6332825034578144
58.45	1.6334614669778695
58.5	1.6336404304979248
58.550000000000004	1.6338193940179802
58.6	1.6339983575380355
58.650000000000006	1.6341773210580908
58.7	1.634356284578146
58.75	1.6345352480982014
58.800000000000004	1.6347142116182567
58.85	1.634893175138312
58.900000000000006	1.6350721386583673
58.95	1.6352511021784226
59.0	1.6352839730290452
59.050000000000004	1.635207274377593
59.1	1.6351305757261407
59.150000000000006	1.6350538770746885
59.2	1.634977178423236
59.25	1.6349004797717839
59.300000000000004	1.6348237811203317
59.35	1.6347470824688795
59.400000000000006	1.634670383817427
59.45	1.6345936851659748
59.5	1.6345169865145226
59.550000000000004	1.6344402878630704
59.6	1.634363589211618
59.650000000000006	1.6342868905601657
59.7	1.6342101919087135
59.75	1.6341334932572613
59.800000000000004	1.6342028872752417
59.85	1.634381850795297
59.900000000000006	1.6345608143153525
59.95	1.6347397778354078
60.0	1.6349187413554631
60.050000000000004	1.6350977048755184
60.1	1.6352766683955737
60.150000000000006	1.635455631915629
60.2	1.6356345954356843
60.25	1.6358135589557399
60.300000000000004	1.6359925224757952
60.35	1.6361714859958505
60.400000000000006	1.6363504495159058
60.45	1.6365294130359611
60.5	1.6367083765560164
60.550000000000004	1.6368873400760717
60.6	1.6370663035961273
60.650000000000006	1.6372452671161826
60.7	1.6374242306362379
60.75	1.6376031941562932
60.800000000000004	1.6377821576763485
60.85	1.6380389314225148
60.900000000000006	1.6382957051686813
60.95	1.6385524789148476
61.0	1.6388092526610138
61.050000000000004	1.6390660264071801
61.1	1.6393228001533466
61.150000000000006	1.639579573899513
61.2	1.6398363476456792
61.25	1.6400931213918455
61.300000000000004	1.640349895138012
61.35	1.6406066688841783
61.400000000000006	1.6408634426303446
61.45	1.6411202163765108
61.5	1.6413769901226773
61.550000000000004	1.6416337638688436
61.6	1.64189053761501
61.650000000000006	1.6421473113611762
61.7	1.6424040851073427
61.75	1.642660858853509
61.800000000000004	1.6429176325996753
61.85	1.6431744063458416
61.900000000000006	1.643431180092008
61.95	1.6436879538381743
62.0	1.6439447275843406
62.050000000000004	1.644201501330507
62.1	1.6444582750766734
62.150000000000006	1.6447150488228397
62.2	1.644971822569006
62.25	1.6452285963151723
62.300000000000004	1.6454853700613388
62.35	1.645742143807505
62.400000000000006	1.6459989175536713
62.45	1.6462556912998376
62.5	1.6465124650460041
62.550000000000004	1.6467692387921704
62.6	1.6470260125383367
62.650000000000006	1.647282786284503
62.7	1.6475395600306695
62.75	1.6477963337768358
62.800000000000004	1.648053107523002
62.85	1.6483098812691683
62.900000000000006	1.6485666550153348
62.95	1.6488234287615011
63.0	1.6490802025076674
63.050000000000004	1.6493369762538337
63.1	1.6495937500000002
63.150000000000006	1.6498505237461665
63.2	1.6501072974923328
63.25	1.650364071238499
63.300000000000004	1.6506208449846655
63.35	1.6508776187308318
63.400000000000006	1.6511343924769981
63.45	1.6515342258817431
63.5	1.6521248054979256
63.550000000000004	1.652715385114108
63.6	1.6533059647302906
63.650000000000006	1.6538965443464733
63.7	1.6544871239626557
63.75	1.6550777035788382
63.800000000000004	1.655668283195021
63.85	1.6562588628112034
63.900000000000006	1.656849442427386
63.95	1.6574400220435686
64.0	1.658030601659751
64.05	1.6586211812759335
64.10000000000001	1.6592117608921162
64.15	1.6598023405082987
64.2	1.6603929201244811
64.25	1.6609834997406638
64.3	1.6615740793568463
64.35000000000001	1.662164658973029
64.4	1.6627552385892115
64.45	1.663345818205394
64.5	1.6639363978215764
64.55	1.664526977437759
64.60000000000001	1.6647459946980177
64.65	1.6646863401913323
64.7	1.6646266856846472
64.75	1.6645670311779621
64.8	1.664507376671277
64.85000000000001	1.664447722164592
64.9	1.6643880676579068
64.95	1.6643284131512217
65.0	1.6642687586445366
65.05	1.6642091041378515
65.10000000000001	1.6641494496311664
65.15	1.6640897951244813
65.2	1.6640301406177962
65.25	1.663970486111111
65.3	1.663910831604426
65.35000000000001	1.6638511770977409
65.4	1.6637915225910558
65.45	1.6637318680843707
65.5	1.6636722135776856
65.55	1.6636125590710005
65.60000000000001	1.6635529045643154
65.65	1.6634932500576303
65.7	1.6634335955509452
65.75	1.66337394104426
65.8	1.663314286537575
65.85000000000001	1.6632546320308899
65.9	1.6631949775242048
65.95	1.6631353230175197
66.0	1.6630756685108345
66.05	1.6630160140041494
66.10000000000001	1.6629563594974643
66.15	1.6628967049907792
66.2	1.6628370504840941
66.25	1.662777395977409
66.3	1.662717741470724
66.35000000000001	1.6626580869640388
66.4	1.6625984324573537
66.45	1.6625387779506686
66.5	1.6624791234439835
66.55	1.6624194689372984
66.60000000000001	1.662359814430613
66.65	1.6626133460840253
66.7	1.6632844592842326
66.75	1.6639555724844401
66.8	1.6646266856846474
66.85000000000001	1.665297798884855
66.9	1.6659689120850625
66.95	1.6666400252852698
67.0	1.6673111384854773
67.05	1.6679822516856846
67.10000000000001	1.6684513917704014
67.15	1.6684155990663903
67.2	1.6683798063623791
67.25	1.668344013658368
67.3	1.668308220954357
67.35000000000001	1.6682724282503458
67.4	1.6682366355463347
67.45	1.6682008428423236
67.5	1.6681650501383125
67.55	1.6681292574343016
67.60000000000001	1.6680934647302905
67.65	1.6680576720262794
67.7	1.6680218793222683
67.75	1.6679860866182572
67.8	1.667950293914246
67.85000000000001	1.667914501210235
67.9	1.6678787085062239
67.95	1.6678429158022128
68.0	1.6678071230982017
68.05	1.6677713303941908
68.10000000000001	1.6677355376901797
68.15	1.6676997449861686
68.2	1.6676639522821575
68.25	1.6676281595781464
68.3	1.6675923668741353
68.35000000000001	1.6675565741701242
68.4	1.667520781466113
68.45	1.667484988762102
68.5	1.6674491960580908
68.55	1.66741340335408
68.60000000000001	1.6673776106500688
68.65	1.6673418179460577
68.7	1.6673060252420466
68.75	1.6672702325380355
68.8	1.6672344398340244
68.85000000000001	1.6666975492738583
68.9	1.6661606587136923
68.95	1.6656237681535264
69.0	1.6650868775933605
69.05	1.6645499870331946
69.10000000000001	1.6640130964730286
69.15	1.6634762059128627
69.2	1.6629393153526968
69.25	1.6624024247925309
69.3	1.661865534232365
69.35000000000001	1.6613286436721988
69.4	1.6607917531120329
69.45	1.660254862551867
69.5	1.6599261540456427
69.55	1.6601179006742735
69.60000000000001	1.6603096473029042
69.65	1.660501393931535
69.7	1.6606931405601655
69.75	1.6608848871887962
69.8	1.661076633817427
69.85000000000001	1.6612683804460577
69.9	1.6614601270746885
69.95	1.6616518737033192
70.0	1.6618436203319498
70.05	1.6620353669605805
70.10000000000001	1.6622271135892113
70.15	1.662418860217842
70.2	1.6626106068464728
70.25	1.6628023534751033
70.3	1.662994100103734
70.35000000000001	1.6631858467323648
70.4	1.6633775933609956
70.45	1.6635693399896263
70.5	1.6637610866182568
70.55	1.6639528332468876
70.60000000000001	1.6641445798755183
70.65	1.664336326504149
70.7	1.6645280731327798
70.75	1.6647198197614104
70.8	1.6649115663900411
70.85000000000001	1.6651033130186719
70.9	1.6652950596473026
70.95	1.6654868062759334
71.0	1.665678552904564
71.05	1.6658702995331947
71.10000000000001	1.6661606587136926
71.15	1.6666975492738585
71.2	1.6672344398340244
71.25	1.6677713303941903
71.3	1.6683082209543563
71.35000000000001	1.6688451115145224
71.4	1.6693820020746883
71.45	1.6699188926348543
71.5	1.6704557831950202
71.55	1.6709926737551861
71.60000000000001	1.6715295643153523
71.65	1.6720664548755182
71.7	1.6726033454356841
71.75	1.67314023599585
71.8	1.6819401279391426
71.85000000000001	1.6819043352351315
71.9	1.6818685425311206
71.95	1.6818327498271095
72.0	1.6817969571230984
72.05	1.6817611644190873
72.10000000000001	1.6817253717150762
72.15	1.681689579011065
72.2	1.681653786307054
72.25	1.6816179936030429
72.3	1.681582200899032
72.35000000000001	1.6815464081950209
72.4	1.6815106154910098
72.45	1.6814748227869987
72.5	1.6814390300829876
72.55	1.6814032373789765
72.60000000000001	1.6813674446749654
72.65	1.6813316519709542
72.7	1.6812958592669434
72.75	1.6812600665629323
72.8	1.6812242738589211
72.85000000000001	1.68118848115491
72.9	1.681152688450899
72.95	1.6811168957468878
73.0	1.6810811030428767
73.05	1.6810453103388658
73.10000000000001	1.6810095176348547
73.15	1.6809737249308436
73.2	1.6809379322268325
73.25	1.6809021395228214
73.3	1.6808663468188103
73.35000000000001	1.6808305541147992
73.4	1.680794761410788
73.45	1.680758968706777
73.5	1.6807604726019036
73.55	1.6808552179948741
73.60000000000001	1.6809499633878446
73.65	1.681044708780815
73.7	1.6811394541737854
73.75	1.681234199566756
73.8	1.6813289449597264
73.85000000000001	1.681423690352697
73.9	1.6815184357456674
73.95	1.681613181138638
74.0	1.6817079265316082
74.05	1.6818026719245787
74.10000000000001	1.6818974173175492
74.15	1.6819921627105197
74.2	1.6820869081034902
74.25	1.6821816534964606
74.3	1.6822763988894311
74.35000000000001	1.6823711442824016
74.4	1.682465889675372
74.45	1.6825606350683424
74.5	1.682655380461313
74.55	1.6827501258542834
74.60000000000001	1.682844871247254
74.65	1.6829396166402244
74.7	1.683034362033195
74.75	1.6831291074261652
74.8	1.6832238528191357
74.85000000000001	1.6833185982121062
74.9	1.6834133436050767
74.95	1.6835080889980472
75.0	1.6836028343910177
75.05	1.6836975797839882
75.10000000000001	1.6837923251769584
75.15	1.683887070569929
75.2	1.6839818159628994
75.25	1.68407656135587
75.3	1.6841713067488404
75.35000000000001	1.684266052141811
75.4	1.6843607975347814
75.45	1.6845223158713691
75.5	1.6847728647994467
75.55	1.6850234137275242
75.60000000000001	1.6852739626556017
75.65	1.685524511583679
75.7	1.6857750605117565
75.75	1.686025609439834
75.8	1.6862761583679116
75.85000000000001	1.686526707295989
75.9	1.6867772562240664
75.95	1.687027805152144
76.0	1.6872783540802214
76.05	1.6875289030082987
76.10000000000001	1.6877794519363765
76.15	1.6880300008644538
76.2	1.6882805497925313
76.25	1.6885310987206088
76.3	1.688781647648686
76.35000000000001	1.6890321965767636
76.4	1.6892827455048411
76.45	1.6895332944329187
76.5	1.6897838433609962
76.55	1.6900343922890735
76.60000000000001	1.690284941217151
76.65	1.6905354901452285
76.7	1.690786039073306
76.75	1.6910365880013836
76.80000000000001	1.691287136929461
76.85000000000001	1.6915376858575384
76.9	1.691788234785616
76.95	1.6920387837136934
77.0	1.692289332641771
77.05000000000001	1.6925398815698485
77.10000000000001	1.6927904304979258
77.15	1.6930137087943755
77.2	1.6930733633010606
77.25	1.6931330178077457
77.30000000000001	1.6931926723144308
77.35000000000001	1.693252326821116
77.4	1.693311981327801
77.45	1.6933716358344861
77.5	1.6934312903411712
77.55000000000001	1.6934909448478563
77.60000000000001	1.6935505993545414
77.65	1.6936102538612265
77.7	1.6936699083679116
77.75	1.6937295628745968
77.80000000000001	1.6937892173812819
77.85000000000001	1.693848871887967
77.9	1.693908526394652
77.95	1.6939681809013372
78.0	1.6940278354080223
78.05000000000001	1.6940874899147074
78.10000000000001	1.6941471444213922
78.15	1.6942067989280774
78.2	1.6941486938890986
78.25	1.6940022691908714
78.30000000000001	1.6938558444926444
78.35000000000001	1.6937094197944174
78.4	1.6935629950961901
78.45	1.6934165703979631
78.5	1.6932701456997359
78.55000000000001	1.6931237210015089
78.60000000000001	1.6929772963032819
78.65	1.6928308716050546
78.7	1.6926844469068276
78.75	1.6925380222086004
78.80000000000001	1.6923915975103734
78.85000000000001	1.6922451728121464
78.9	1.6920987481139191
78.95	1.6919523234156921
79.0	1.691805898717465
79.05000000000001	1.6916594740192379
79.10000000000001	1.6915130493210109
79.15	1.6913666246227836
79.2	1.6912201999245566
79.25	1.6910737752263294
79.30000000000001	1.6909273505281024
79.35000000000001	1.6907809258298754
79.4	1.6906345011316481
79.45	1.6905763960926694
79.5	1.6906360505993545
79.55000000000001	1.6906957051060396
79.60000000000001	1.6907553596127245
79.65	1.6908150141194096
79.7	1.6908746686260947
79.75	1.6909343231327798
79.80000000000001	1.690993977639465
79.85000000000001	1.69105363214615
79.9	1.6911132866528351
79.95	1.6911729411595202
80.0	1.6912325956662053
80.05000000000001	1.6912922501728904
80.10000000000001	1.6913519046795755
80.15	1.6914115591862606
80.2	1.6914712136929457
80.25	1.6915308681996308
80.30000000000001	1.691590522706316
80.35000000000001	1.691650177213001
80.4	1.6917098317196861
80.45	1.6917694862263712
80.5	1.6926472596818798
80.55000000000001	1.693661386295527
80.60000000000001	1.6946755129091737
80.65	1.6956896395228205
80.7	1.6967037661364675
80.75	1.6977178927501142
80.80000000000001	1.6987320193637614
80.85000000000001	1.6997461459774081
80.9	1.700760272591055
80.95	1.7017743992047016
81.0	1.7027885258183486
81.05000000000001	1.7038026524319956
81.10000000000001	1.7048167790456425
81.15	1.7058309056592893
81.2	1.706845032272936
81.25	1.7078591588865828
81.30000000000001	1.70887328550023
81.35000000000001	1.7098874121138767
81.4	1.7109015387275237
81.45	1.7119156653411705
81.5	1.712655381224066
81.55000000000001	1.7127090702800825
81.60000000000001	1.7127627593360992
81.65	1.7128164483921158
81.7	1.7128701374481323
81.75	1.7129238265041489
81.80000000000001	1.7129775155601656
81.85000000000001	1.7130312046161822
81.9	1.7130848936721987
81.95	1.7131385827282153
82.0	1.713192271784232
82.05000000000001	1.7132459608402486
82.10000000000001	1.7132996498962652
82.15	1.7133533389522817
82.2	1.7134070280082985
82.25	1.713460717064315
82.30000000000001	1.7135144061203316
82.35000000000001	1.7135680951763481
82.4	1.7136217842323649
82.45	1.7136754732883814
82.5	1.713729162344398
82.55000000000001	1.7137828514004148
82.60000000000001	1.7138365404564313
82.65	1.7138902295124478
82.7	1.7139439185684644
82.75	1.7139976076244812
82.80000000000001	1.7140512966804977
82.85000000000001	1.7141049857365143
82.9	1.7141586747925308
82.95	1.7142123638485476
83.0	1.7142660529045641
83.05000000000001	1.7143197419605807
83.10000000000001	1.7143734310165972
83.15	1.714427120072614
83.2	1.7144808091286305
83.25	1.714534498184647
83.30000000000001	1.7145881872406636
83.35000000000001	1.7146418762966804
83.4	1.714695565352697
83.45	1.7147492544087135
83.5	1.71480294346473
83.55000000000001	1.7148566325207468
83.60000000000001	1.7149103215767634
83.65	1.71496401063278
83.7	1.7150176996887967
83.75	1.7150713887448132
83.80000000000001	1.7151066701244813
83.85000000000001	1.7151281457468879
83.9	1.7151496213692945
83.95	1.7151710969917011
84.0	1.7151925726141077
84.05000000000001	1.7152140482365146
84.10000000000001	1.7152355238589212
84.15	1.7152569994813278
84.2	1.7152784751037344
84.25	1.715299950726141
84.30000000000001	1.7153214263485477
84.35000000000001	1.7153429019709543
84.4	1.715364377593361
84.45	1.7153858532157675
84.5	1.7154073288381742
84.55000000000001	1.7154288044605808
84.60000000000001	1.7154502800829876
84.65	1.7154717557053942
84.7	1.7154932313278008
84.75	1.7155147069502075
84.80000000000001	1.715536182572614
84.85000000000001	1.7155576581950207
84.9	1.7155791338174273
84.95	1.715600609439834
85.0	1.7156220850622406
85.05000000000001	1.7156435606846472
85.10000000000001	1.715665036307054
85.15	1.7156865119294606
85.2	1.7157079875518673
85.25	1.7157294631742739
85.30000000000001	1.7157509387966805
85.35000000000001	1.7157724144190871
85.4	1.7157938900414937
85.45	1.7158153656639004
85.5	1.715836841286307
85.55000000000001	1.7158583169087136
85.60000000000001	1.7158797925311202
85.65	1.715901268153527
85.7	1.7159227437759337
85.75	1.7159442193983403
85.80000000000001	1.715965695020747
85.85000000000001	1.7159871706431535
85.9	1.7160086462655602
85.95	1.7160301218879668
86.0	1.7160515975103734
86.05000000000001	1.71607307313278
86.10000000000001	1.7160945487551866
86.15	1.7161160243775935
86.2	1.7161375
86.25	1.7161589756224067
86.30000000000001	1.7161804512448133
86.35000000000001	1.71620192686722
86.4	1.7162234024896266
86.45	1.7162448781120332
86.5	1.7162663537344398
86.55000000000001	1.7162878293568464
86.60000000000001	1.716309304979253
86.65	1.7163307806016599
86.7	1.7163522562240665
86.75	1.7163737318464731
86.80000000000001	1.7163952074688797
86.85000000000001	1.7164166830912864
86.9	1.716438158713693
86.95	1.7164596343360996
87.0	1.7164811099585062
87.05000000000001	1.7165025855809128
87.10000000000001	1.7165240612033195
87.15	1.716545536825726
87.2	1.716567012448133
87.25	1.7165884880705395
87.30000000000001	1.7166099636929462
87.35000000000001	1.7166314393153528
87.4	1.7166529149377594
87.45	1.716674390560166
87.5	1.7166958661825726
87.55000000000001	1.7167173418049793
87.60000000000001	1.7167388174273859
87.65	1.7167602930497925
87.7	1.7167817686721993
87.75	1.716803244294606
87.80000000000001	1.7168247199170126
87.85000000000001	1.7168461955394192
87.9	1.7168676711618258
87.95	1.7168891467842324
88.0	1.716910622406639
88.05000000000001	1.7169320980290457
88.10000000000001	1.7169535736514523
88.15	1.716975049273859
88.2	1.7169965248962658
88.25	1.7170180005186724
88.30000000000001	1.717039476141079
88.35000000000001	1.7170609517634856
88.4	1.7170824273858922
88.45	1.7171039030082988
88.5	1.7171253786307055
88.55000000000001	1.717146854253112
88.60000000000001	1.7171683298755187
88.65	1.7171898054979253
88.7	1.717211281120332
88.75	1.7172327567427388
88.80000000000001	1.7172542323651454
88.85000000000001	1.717275707987552
88.9	1.7172971836099586
88.95	1.7173186592323653
89.0	1.7173401348547719
89.05000000000001	1.7173616104771785
89.10000000000001	1.7173830860995851
89.15	1.7174045617219917
89.2	1.7174260373443984
89.25	1.7174475129668052
89.30000000000001	1.7174689885892118
89.35000000000001	1.7174904642116184
89.4	1.717511939834025
89.45	1.7175334154564317
89.5	1.7175938720405175
89.55000000000001	1.7177517810288017
89.60000000000001	1.7179096900170858
89.65	1.71806759900537
89.7	1.718225507993654
89.75	1.718383416981938
89.80000000000001	1.7185413259702222
89.85000000000001	1.7186992349585064
89.9	1.7188571439467903
89.95	1.7190150529350745
90.0	1.7191729619233587
90.05000000000001	1.7193308709116428
90.10000000000001	1.7194887798999268
90.15	1.719646688888211
90.2	1.719804597876495
90.25	1.719962506864779
90.30000000000001	1.7201204158530632
90.35000000000001	1.7202783248413474
90.4	1.7204362338296315
90.45	1.7205941428179155
90.5	1.7207520518061996
90.55000000000001	1.7209099607944838
90.60000000000001	1.721067869782768
90.65	1.7212257787710519
90.7	1.721383687759336
90.75	1.7215415967476202
90.80000000000001	1.7216995057359044
90.85000000000001	1.7218574147241883
90.9	1.7220153237124725
90.95	1.7221732327007566
91.0	1.7223311416890408
91.05000000000001	1.722489050677325
91.10000000000001	1.7226469596656089
91.15	1.722804868653893
91.2	1.7229627776421772
91.25	1.7231206866304611
91.30000000000001	1.7232785956187453
91.35000000000001	1.7234365046070295
91.4	1.7235944135953136
91.45	1.7237523225835976
91.5	1.7239102315718817
91.55000000000001	1.7240681405601659
91.60000000000001	1.72422604954845
91.65	1.724383958536734
91.7	1.7245418675250181
91.75	1.7246997765133023
91.80000000000001	1.7248576855015865
91.85000000000001	1.7250155944898704
91.9	1.7251735034781546
91.95	1.7253314124664387
92.0	1.725489321454723
92.05000000000001	1.7256472304430068
92.10000000000001	1.725805139431291
92.15	1.7259630484195752
92.2	1.7261209574078593
92.25	1.7262788663961433
92.30000000000001	1.7264367753844274
92.35000000000001	1.7265946843727116
92.4	1.7267525933609957
92.45	1.7269105023492797
92.5	1.7270684113375638
92.55000000000001	1.727226320325848
92.60000000000001	1.7273842293141322
92.65	1.727542138302416
92.7	1.7277000472907003
92.75	1.7278579562789844
92.80000000000001	1.7280158652672686
92.85000000000001	1.7281737742555525
92.9	1.7283316832438367
92.95	1.7284895922321208
93.0	1.7286475012204048
93.05000000000001	1.728805410208689
93.10000000000001	1.728963319196973
93.15	1.7291212281852573
93.2	1.7292791371735412
93.25	1.7294370461618254
93.30000000000001	1.7295949551501095
93.35000000000001	1.7297528641383937
93.4	1.7296810873255373
93.45	1.7294370461618256
93.5	1.7291930049981137
93.55000000000001	1.7289489638344018
93.60000000000001	1.72870492267069
93.65	1.7284608815069782
93.7	1.7282168403432665
93.75	1.7279727991795546
93.80000000000001	1.7277287580158427
93.85000000000001	1.727484716852131
93.9	1.727240675688419
93.95	1.7269966345247074
94.0	1.7267525933609955
94.05000000000001	1.7265085521972836
94.10000000000001	1.726264511033572
94.15	1.72602046986986
94.2	1.7257764287061481
94.25	1.7255323875424364
94.30000000000001	1.7252883463787245
94.35000000000001	1.7250443052150126
94.4	1.724800264051301
94.45	1.724556222887589
94.5	1.7243121817238773
94.55000000000001	1.7240681405601654
94.60000000000001	1.7238240993964535
94.65	1.7236897605463344
94.7	1.7237016914476713
94.75	1.7237136223490084
94.80000000000001	1.7237255532503455
94.85000000000001	1.7237374841516824
94.9	1.7237494150530195
94.95	1.7237613459543566
95.0	1.7237732768556935
95.05000000000001	1.7237852077570306
95.10000000000001	1.7237971386583675
95.15	1.7238090695597046
95.2	1.7238210004610417
95.25	1.7238329313623786
95.30000000000001	1.7238448622637157
95.35000000000001	1.7238567931650528
95.4	1.7238687240663897
95.45	1.7238806549677268
95.5	1.7238925858690637
95.55000000000001	1.7239045167704008
95.60000000000001	1.723916447671738
95.65	1.7239283785730748
95.7	1.723940309474412
95.75	1.723952240375749
95.80000000000001	1.723964171277086
95.85000000000001	1.723976102178423
95.9	1.7239880330797601
95.95	1.723999963981097
96.0	1.7240118948824341
96.05000000000001	1.724023825783771
96.10000000000001	1.7240357566851081
96.15	1.7240476875864452
96.2	1.724059618487782
96.25	1.7240715493891192
96.30000000000001	1.7240834802904563
96.35000000000001	1.7240954111917932
96.4	1.7241073420931303
96.45	1.7241192729944674
96.5	1.7241312038958043
96.55000000000001	1.7241431347971414
96.60000000000001	1.7241550656984783
96.65	1.7241669965998154
96.7	1.7241789275011525
96.75	1.7241908584024894
96.80000000000001	1.7242027893038265
96.85000000000001	1.7242147202051636
96.9	1.7242266511065005
96.95	1.7242385820078376
97.0	1.7242505129091745
97.05000000000001	1.7242624438105116
97.10000000000001	1.7242743747118487
97.15	1.7242863056131856
97.2	1.7242982365145227
97.25	1.7243101674158599
97.30000000000001	1.7243220983171967
97.35000000000001	1.7243340292185338
97.4	1.724345960119871
97.45	1.7243578910212078
97.5	1.724369821922545
97.55000000000001	1.7243817528238818
97.60000000000001	1.724393683725219
97.65	1.724405614626556
97.7	1.724417545527893
97.75	1.72442947642923
97.80000000000001	1.7244414073305672
97.85000000000001	1.724453338231904
97.9	1.7244652691332412
97.95	1.724477200034578
98.0	1.7244891309359152
98.05000000000001	1.7245010618372523
98.10000000000001	1.7245129927385892
98.15	1.7245249236399263
98.2	1.7245368545412634
98.25	1.7245487854426003
98.30000000000001	1.7245607163439374
98.35000000000001	1.7245726472452745
98.4	1.7245845781466114
98.45	1.7245965090479485
98.5	1.7246084399492854
98.55000000000001	1.7246203708506225
98.60000000000001	1.7246323017519596
98.65	1.7246442326532965
98.7	1.7246561635546336
98.75	1.7246680944559707
98.80000000000001	1.7246800253573076
98.85000000000001	1.7246919562586447
98.9	1.7247038871599818
98.95	1.7247158180613187
99.0	1.7247277489626558
99.05000000000001	1.7247396798639927
99.10000000000001	1.7247516107653298
99.15	1.724763541666667
99.2	1.7247754725680038
99.25	1.724787403469341
99.30000000000001	1.724799334370678
99.35000000000001	1.724811265272015
99.4	1.724823196173352
99.45	1.724835127074689
99.5	1.724847057976026
99.55000000000001	1.724858988877363
99.60000000000001	1.7248709197787
99.65	1.724882850680037
99.7	1.7248947815813742
99.75	1.724906712482711
99.80000000000001	1.7249118257261413
99.85000000000001	1.7249118257261413
99.9	1.7249118257261413
99.95	1.7249118257261413
