-25.6 0.2209708691207961
-25.2 0.2209708691207961
-24.8 -3.0935921676911455
-24.4 -1.988737822087165
-24.0 0.2209708691207961
-23.599999999999998 -0.8838834764831844
-23.200000000000003 -1.988737822087165
-22.8 0.2209708691207961
-22.400000000000002 -0.8838834764831844
-22.000000000000004 -0.8838834764831844
-21.6 -0.8838834764831844
-21.200000000000003 -0.8838834764831844
-20.8 -0.8838834764831844
-20.400000000000002 -1.988737822087165
-20.0 0.2209708691207961
-19.6 -0.8838834764831844
-19.2 -1.988737822087165
-18.8 -0.8838834764831844
-18.4 -0.40051093771831003
-18.000000000000004 -1.988737822087165
-17.599999999999998 -1.988737822087165
-17.200000000000003 -1.988737822087165
-16.799999999999997 -0.8838834764831844
-16.400000000000002 -1.5053666975358528
-16.0 -0.8838834764831844
-15.600000000000001 -0.8838834764831844
-15.200000000000001 -0.8838834764831844
-14.8 -1.988737822087165
-14.4 -0.8838834764831844
-14.000000000000002 -0.8838834764831844
-13.600000000000001 -0.8838834764831844
-13.200000000000001 -1.988737822087165
-12.8 -3.0935921676911455
-12.4 -2.1268428475207095
-12.0 0.2209708691207961
-11.6 -1.988737822087165
-11.200000000000001 -0.8838834764831844
-10.8 -1.988737822087165
-10.4 -0.33145347525406943
-10.0 -1.988737822087165
-9.6 -1.988737822087165
-9.2 0.2209708691207961
-8.799999999999999 -1.988737822087165
-8.399999999999999 -1.988737822087165
-7.999999999999999 0.2209708691207961
-7.600000000000002 0.2209708691207961
-7.200000000000002 -0.8838834764831844
-6.800000000000002 -0.8838834764831844
-6.400000000000001 -0.40051093771831003
-6.000000000000001 0.2209708691207961
-5.6000000000000005 1.3258252147247767
-5.2 0.2209708691207961
-4.8 2.430679560328757
-4.3999999999999995 1.8092034103439005
-3.9999999999999996 2.430679560328757
-3.599999999999999 3.5355339059327378
-3.199999999999999 2.430679560328757
-2.7999999999999985 2.430679560328757
-2.4000000000000017 5.8142915743235655
-2.0000000000000013 4.640388251536718
-1.6000000000000012 6.850096942744679
-1.2000000000000008 6.850096942744679
-0.8000000000000006 10.164659979556621
-0.4000000000000003 15.274637844479324
0.0 21.213203435596427
0.4000000000000003 38.890872965260115
0.8000000000000006 55.46368814931982
1.2000000000000008 88.60967207082983
1.6000000000000012 121.82389179672434
2.0000000000000013 157.11064149827664
2.4000000000000017 199.09510663122788
2.7999999999999985 203.5145240136438
3.199999999999999 173.68310312894576
3.599999999999999 146.82153072523118
3.9999999999999996 126.17471982136519
4.400000000000003 74.24621202458749
4.8 57.673396840527786
5.199999999999997 42.205436002072055
5.6000000000000005 47.177315912629034
5.999999999999997 38.890872965260115
6.400000000000001 34.47145558284419
6.799999999999998 27.84232950922031
7.200000000000002 22.31805778120041
7.599999999999999 15.06745555759167
8.000000000000002 14.584077361972543
8.399999999999999 17.898640398784487
8.800000000000002 19.003494744388465
9.2 12.374368670764582
9.600000000000003 12.857746866383708
10.0 10.164659979556621
10.399999999999997 7.95495128834866
10.8 7.95495128834866
11.199999999999998 9.05980563395264
11.600000000000001 7.195377183998072
11.999999999999998 4.640388251536718
12.400000000000002 6.850096942744679
12.799999999999999 5.745242597140699
13.200000000000003 7.95495128834866
13.6 6.090508696258466
14.000000000000004 5.745242597140699
14.4 7.95495128834866
14.800000000000004 7.95495128834866
15.200000000000001 4.640388251536718
15.599999999999998 3.3974288804991937
16.0 4.640388251536718
16.4 5.745242597140699
16.8 4.640388251536718
17.2 4.640388251536718
17.6 5.192815424338709
18.0 6.850096942744679
18.400000000000002 4.640388251536718
18.8 3.5355339059327378
19.200000000000003 3.5355339059327378
19.6 3.604589954183416
20.000000000000004 3.5355339059327378
20.400000000000002 3.5355339059327378
20.799999999999997 3.5355339059327378
21.200000000000003 5.745242597140699
21.599999999999998 4.502283226103174
22.000000000000004 1.3258252147247767
22.4 1.3258252147247767
22.8 2.430679560328757
23.2 4.640388251536718
23.6 0.2209708691207961
24.0 1.3258252147247767
24.400000000000002 1.3258252147247767
24.8 1.3258252147247767
25.200000000000003 1.3258252147247767
25.6 -0.40051093771831003
25.999999999999996 0.2209708691207961
26.400000000000002 1.3258252147247767
26.799999999999997 0.2209708691207961
27.200000000000003 1.3258252147247767
27.599999999999998 -0.40051093771831003
28.000000000000004 1.3258252147247767
28.4 -0.8838834764831844
28.800000000000004 -0.8838834764831844
29.2 -0.8838834764831844
29.600000000000005 0.2900226747307872
30.000000000000004 -0.8838834764831844
30.40000000000001 -0.8838834764831844
30.799999999999997 -0.8838834764831844
31.200000000000003 -1.988737822087165
31.600000000000005 -1.2981985527838182
31.999999999999996 -0.8838834764831844
32.4 -0.8838834764831844
32.800000000000004 -0.8838834764831844
33.2 0.2209708691207961
33.599999999999994 0.7043476505263576
34.0 -0.8838834764831844
34.400000000000006 -1.988737822087165
34.8 -0.8838834764831844
35.199999999999996 -0.8838834764831844
35.6 -0.8838834764831844
35.99999999999999 2.430679560328757
36.4 0.2209708691207961
36.8 1.3258252147247767
37.2 -1.988737822087165
37.599999999999994 0.7043476505263576
37.99999999999999 -1.988737822087165
38.4 1.3258252147247767
38.800000000000004 1.3258252147247767
39.199999999999996 1.3258252147247767
39.599999999999994 -0.40051093771831003
40.0 0.2209708691207961
40.400000000000006 0.2209708691207961
40.8 0.2209708691207961
41.199999999999996 0.2209708691207961
41.6 0.2209708691207961
41.99999999999999 0.2209708691207961
42.4 -0.8838834764831844
42.8 0.2209708691207961
43.2 0.2209708691207961
43.599999999999994 -1.5053666975358528
44.0 1.3258252147247767
44.4 -0.8838834764831844
44.800000000000004 -0.8838834764831844
45.199999999999996 0.2209708691207961
45.6 0.2209708691207961
46.0 -3.0935921676911455
46.39999999999999 0.2209708691207961
46.8 1.3258252147247767
47.199999999999996 -0.8838834764831844
47.6 -1.5053666975358528
47.99999999999999 -0.8838834764831844
48.4 -1.988737822087165
48.8 -0.8838834764831844
49.2 -0.8838834764831844
49.599999999999994 -0.40051093771831003
50.0 -0.8838834764831844
50.4 -0.8838834764831844
50.800000000000004 -0.8838834764831844
51.199999999999996 -1.988737822087165
51.6 -2.5411649948891553
52.0 -0.8838834764831844
52.39999999999999 -3.0935921676911455
52.8 -1.988737822087165
53.2 -0.8838834764831844
53.6 -1.5053666975358528
53.99999999999999 -0.8838834764831844
54.4 -1.988737822087165
54.800000000000004 -0.8838834764831844
55.2 -3.0935921676911455
55.599999999999994 -2.5411649948891553
56.0 -1.988737822087165
56.4 -3.0935921676911455
56.79999999999999 -1.988737822087165
57.199999999999996 -0.8838834764831844
57.6 -2.1268428475207095
58.0 -3.0935921676911455
58.39999999999999 -1.988737822087165
58.8 -1.988737822087165
59.2 -1.988737822087165
59.6 -0.8838834764831844
59.99999999999999 -0.8838834764831844
60.4 -3.0935921676911455
60.800000000000004 -0.8838834764831844
61.2 -0.8838834764831844
61.599999999999994 -0.33145347525406943
62.0 -3.0935921676911455
62.400000000000006 -1.988737822087165
62.79999999999999 -0.8838834764831844
63.199999999999996 0.2209708691207961
63.6 -1.988737822087165
64.0 -1.988737822087165
64.39999999999999 -0.8838834764831844
64.8 -0.8838834764831844
65.2 -0.8838834764831844
65.60000000000001 -0.40051093771831003
66.0 -1.988737822087165
66.4 -0.8838834764831844
66.8 -0.8838834764831844
67.19999999999999 0.2209708691207961
67.6 -1.5053666975358528
68.0 0.2209708691207961
68.4 -1.988737822087165
68.8 -1.988737822087165
69.2 -1.988737822087165
69.6 -0.05524399007240517
70.0 -0.8838834764831844
70.39999999999999 1.3258252147247767
70.8 -0.8838834764831844
71.2 0.2209708691207961
71.60000000000001 -1.0219885019167292
72.0 -0.8838834764831844
72.4 -0.8838834764831844
72.8 0.2209708691207961
73.19999999999999 0.2209708691207961
73.6 -1.0219885019167292
74.0 -0.8838834764831844
74.4 0.2209708691207961
74.8 -0.8838834764831844
75.2 -0.8838834764831844
75.60000000000001 0.2209708691207961
76.0 -0.8838834764831844
76.39999999999999 0.2209708691207961
76.8 -0.8838834764831844
77.2 -0.8838834764831844
77.6 1.3258252147247767
78.0 -0.8838834764831844
78.4 1.3258252147247767
78.8 -0.8838834764831844
79.19999999999999 0.2209708691207961
79.6 -0.40051093771831003
80.0 1.3258252147247767
80.4 0.2209708691207961
80.8 1.3258252147247767
81.2 0.2209708691207961
81.60000000000001 0.2900226747307872
82.0 -0.8838834764831844
82.39999999999999 0.2209708691207961
82.8 0.2209708691207961
83.2 1.3258252147247767
83.6 -1.988737822087165
84.0 1.3258252147247767
84.4 1.3258252147247767
84.80000000000001 -0.8838834764831844
85.19999999999999 0.2209708691207961
85.6 0.2900226747307872
86.0 -1.988737822087165
86.4 0.2209708691207961
86.8 -1.988737822087165
87.2 -0.8838834764831844
87.60000000000001 -0.8148274282325062
88.0 1.3258252147247767
88.39999999999999 -1.988737822087165
88.8 -0.8838834764831844
89.2 0.2209708691207961
89.6 -0.40051093771831003
90.0 -1.988737822087165
90.4 -1.988737822087165
90.80000000000001 -1.988737822087165
91.2 0.2209708691207961
91.6 -1.5053666975358528
92.0 0.2209708691207961
92.39999999999999 -1.988737822087165
92.8 -1.988737822087165
93.2 -0.8838834764831844
93.60000000000001 0.2900226747307872
94.00000000000001 -1.988737822087165
94.4 -1.988737822087165
94.79999999999998 -0.8838834764831844
95.19999999999999 -0.8838834764831844
95.6 -2.6102210431398336
96.0 -0.8838834764831844
96.4 -1.988737822087165
96.80000000000001 -0.8838834764831844
97.20000000000002 0.2209708691207961
97.6 -1.4363106492851747
97.99999999999999 -0.8838834764831844
98.39999999999999 -1.988737822087165
98.8 0.2209708691207961
99.2 -1.988737822087165
99.60000000000001 -0.33145347525406943
100.00000000000001 -0.8838834764831844
100.4 0.2209708691207961
100.79999999999998 -1.988737822087165
101.19999999999999 -1.988737822087165
101.6 0.2900226747307872
102.0 -0.8838834764831844
102.4 -0.8838834764831844
102.80000000000001 -0.8838834764831844
103.20000000000002 -0.8838834764831844
103.6 -2.5411649948891553
103.99999999999999 -0.8838834764831844
104.39999999999999 0.2209708691207961
104.8 0.2209708691207961
105.2 -0.8838834764831844
105.60000000000001 -1.0219885019167292
106.00000000000001 0.2209708691207961
106.40000000000002 -3.0935921676911455
106.8 -0.8838834764831844
107.19999999999999 0.2209708691207961
107.6 -0.8838834764831844
108.0 0.2209708691207961
108.4 1.3258252147247767
108.80000000000001 -1.988737822087165
109.20000000000002 -0.8838834764831844
109.6 0.0828658436872515
109.99999999999999 -1.988737822087165
110.39999999999999 0.2209708691207961
110.8 -0.8838834764831844
111.2 -1.988737822087165
111.60000000000001 -1.988737822087165
112.00000000000001 -0.8838834764831844
112.40000000000002 -0.8838834764831844
112.8 0.2209708691207961
113.19999999999999 -1.988737822087165
113.6 0.5662376753453447
114.0 -0.8838834764831844
114.4 0.2209708691207961
114.80000000000001 -1.988737822087165
115.20000000000002 -1.988737822087165
115.6 -1.0219885019167292
116.0 0.2209708691207961
116.39999999999999 1.3258252147247767
116.8 0.2209708691207961
117.2 -0.8838834764831844
117.60000000000001 -0.33145347525406943
118.00000000000001 -1.988737822087165
118.39999999999999 1.3258252147247767
118.8 -0.8838834764831844
119.19999999999999 -1.988737822087165
119.60000000000001 -0.40051093771831003
120.00000000000001 -0.8838834764831844
120.40000000000002 1.3258252147247767
120.80000000000003 -0.8838834764831844
121.20000000000003 0.2209708691207961
121.60000000000001 -1.5053666975358528
122.00000000000001 -1.988737822087165
122.4 -3.0935921676911455
122.80000000000001 -1.988737822087165
123.20000000000002 -0.8838834764831844
123.60000000000002 -2.5411649948891553
124.00000000000003 -0.8838834764831844
124.4 -1.988737822087165
124.80000000000001 -0.8838834764831844
125.2 -1.988737822087165
125.60000000000001 0.2900226747307872
126.00000000000001 -3.0935921676911455
126.40000000000002 -1.988737822087165
126.80000000000003 -0.8838834764831844
127.20000000000003 -0.8838834764831844
127.60000000000001 -1.5053666975358528
128.0 -0.8838834764831844
128.4 -1.988737822087165
128.8 -0.8838834764831844
129.20000000000002 -1.988737822087165
129.60000000000002 -1.5053666975358528
130.00000000000003 0.2209708691207961
130.4 -0.8838834764831844
130.8 -0.8838834764831844
131.20000000000002 -0.8838834764831844
131.60000000000002 -0.8838834764831844
132.00000000000003 -0.8838834764831844
132.40000000000003 -1.988737822087165
132.8 -0.8838834764831844
133.2 -0.8838834764831844
133.6 -0.33145347525406943
134.0 -3.0935921676911455
134.4 -0.8838834764831844
134.8 -0.8838834764831844
135.20000000000002 -3.0935921676911455
135.60000000000002 -1.4363106492851747
136.00000000000003 -0.8838834764831844
136.4 -0.8838834764831844
136.8 -0.8838834764831844
137.20000000000002 -1.988737822087165
137.60000000000002 -2.1268428475207095
138.00000000000003 -1.988737822087165
138.40000000000003 -1.988737822087165
138.8 0.2209708691207961
139.2 -1.988737822087165
139.6 -0.8838834764831844
140.0 0.2209708691207961
140.4 -1.988737822087165
140.8 -0.8838834764831844
141.20000000000002 -0.8838834764831844
141.60000000000002 0.7043476505263576
142.00000000000003 -0.8838834764831844
142.4 0.2209708691207961
142.8 -1.988737822087165
143.20000000000002 -1.988737822087165
143.60000000000002 -0.8838834764831844
144.00000000000003 -0.8838834764831844
144.40000000000003 0.2209708691207961
144.80000000000004 -1.988737822087165
145.20000000000002 -1.988737822087165
145.6 0.2209708691207961
146.0 -0.8838834764831844
146.4 -0.8838834764831844
146.8 -0.8838834764831844
147.20000000000002 -0.8838834764831844
147.60000000000002 -0.8148274282325062
148.00000000000003 -0.8838834764831844
148.4 -0.8838834764831844
148.8 -0.8838834764831844
149.20000000000002 -1.988737822087165
149.60000000000002 -0.40051093771831003
150.00000000000003 -3.0935921676911455
150.40000000000003 0.2209708691207961
150.80000000000004 0.2209708691207961
151.20000000000002 -1.988737822087165
151.6 -1.988737822087165
152.0 -1.988737822087165
152.4 0.2209708691207961
152.8 -1.988737822087165
153.20000000000002 0.2209708691207961
153.60000000000002 -1.0219885019167292
154.0 0.2209708691207961
154.4 -1.988737822087165
154.8 -1.988737822087165
155.20000000000002 -0.8838834764831844
155.60000000000002 -1.4363106492851747
156.00000000000003 -0.8838834764831844
156.40000000000003 -3.0935921676911455
156.80000000000004 -0.8838834764831844
157.20000000000002 -0.8838834764831844
157.6 -0.40051093771831003
158.0 -1.988737822087165
158.4 -1.988737822087165
158.8 0.2209708691207961
159.20000000000002 -1.988737822087165
159.60000000000002 -1.5053666975358528
160.0 -0.8838834764831844
160.4 -0.8838834764831844
160.8 -1.988737822087165
161.20000000000002 -3.0935921676911455
161.60000000000002 -1.4363106492851747
162.00000000000003 -0.8838834764831844
162.40000000000003 -1.988737822087165
162.80000000000004 -1.988737822087165
163.20000000000002 -0.8838834764831844
163.60000000000002 -0.8148274282325062
164.0 -0.8838834764831844
164.4 -0.8838834764831844
164.8 -1.988737822087165
165.20000000000002 -0.8838834764831844
165.60000000000002 0.2209708691207961
166.0 -0.8838834764831844
166.4 1.3258252147247767
166.8 -0.8838834764831844
167.20000000000002 -0.8838834764831844
167.60000000000002 -0.40051093771831003
168.00000000000003 -1.988737822087165
168.40000000000003 -0.8838834764831844
168.80000000000004 -1.988737822087165
169.20000000000002 0.2209708691207961
169.60000000000002 -1.5053666975358528
170.0 -3.0935921676911455
170.4 -1.988737822087165
170.8 -1.988737822087165
171.20000000000002 0.2209708691207961
171.60000000000002 -1.988737822087165
172.0 -0.8838834764831844
172.4 -0.8838834764831844
172.8 0.2209708691207961
173.20000000000002 -0.8838834764831844
173.60000000000002 -0.33145347525406943
174.00000000000003 -0.8838834764831844